# fields: act[0..63] wgt[0..63] acc_in acc_out sat (hex)
00 00 00 00 af fd 00 a5 09 00 00 00 00 5d d0 00 64 5c 00 00 00 00 60 f3 00 f3 53 00 00 00 00 00 00 00 00 00 00 00 00 00 00 00 00 00 00 00 00 00 00 00 00 00 00 00 00 00 00 00 00 00 00 00 00 00 94 ae 02 b3 08 aa c7 a9 63 fb 43 5d 4b d4 26 60 c0 79 ec bd 5c 51 bc 17 0e ff 41 00 00 00 00 00 00 00 00 00 00 00 00 00 00 00 00 00 00 00 00 00 00 00 00 00 00 00 00 00 00 00 00 00 00 00 00 00 00000000 000016b7 0
00 00 00 af fd f0 a5 09 a4 00 00 00 5d d0 98 64 5c 00 00 00 00 60 f3 fa f3 53 2c 00 00 00 00 00 00 00 00 00 00 00 00 00 00 00 00 00 00 00 00 00 00 00 00 00 00 00 00 00 00 00 00 00 00 00 00 00 94 ae 02 b3 08 aa c7 a9 63 fb 43 5d 4b d4 26 60 c0 79 ec bd 5c 51 bc 17 0e ff 41 00 00 00 00 00 00 00 00 00 00 00 00 00 00 00 00 00 00 00 00 00 00 00 00 00 00 00 00 00 00 00 00 00 00 00 00 00 00000000 00005941 0
00 00 00 fd f0 8a 09 a4 a6 00 00 00 d0 98 fe 5c 00 60 00 00 00 f3 fa 20 53 2c 0c 00 00 00 00 00 00 00 00 00 00 00 00 00 00 00 00 00 00 00 00 00 00 00 00 00 00 00 00 00 00 00 00 00 00 00 00 00 94 ae 02 b3 08 aa c7 a9 63 fb 43 5d 4b d4 26 60 c0 79 ec bd 5c 51 bc 17 0e ff 41 00 00 00 00 00 00 00 00 00 00 00 00 00 00 00 00 00 00 00 00 00 00 00 00 00 00 00 00 00 00 00 00 00 00 00 00 00 00000000 00007da9 0
00 00 00 f0 8a fc a4 a6 8b 00 00 00 98 fe 01 00 60 68 00 00 00 fa 20 7d 2c 0c f0 00 00 00 00 00 00 00 00 00 00 00 00 00 00 00 00 00 00 00 00 00 00 00 00 00 00 00 00 00 00 00 00 00 00 00 00 00 94 ae 02 b3 08 aa c7 a9 63 fb 43 5d 4b d4 26 60 c0 79 ec bd 5c 51 bc 17 0e ff 41 00 00 00 00 00 00 00 00 00 00 00 00 00 00 00 00 00 00 00 00 00 00 00 00 00 00 00 00 00 00 00 00 00 00 00 00 00 00000000 0000029a 0
00 00 00 8a fc 4d a6 8b 85 00 00 00 fe 01 a0 60 68 85 00 00 00 20 7d 75 0c f0 98 00 00 00 00 00 00 00 00 00 00 00 00 00 00 00 00 00 00 00 00 00 00 00 00 00 00 00 00 00 00 00 00 00 00 00 00 00 94 ae 02 b3 08 aa c7 a9 63 fb 43 5d 4b d4 26 60 c0 79 ec bd 5c 51 bc 17 0e ff 41 00 00 00 00 00 00 00 00 00 00 00 00 00 00 00 00 00 00 00 00 00 00 00 00 00 00 00 00 00 00 00 00 00 00 00 00 00 00000000 ffffb056 0
00 00 00 fc 4d 00 8b 85 00 00 00 00 01 a0 00 68 85 00 00 00 00 7d 75 00 f0 98 00 00 00 00 00 00 00 00 00 00 00 00 00 00 00 00 00 00 00 00 00 00 00 00 00 00 00 00 00 00 00 00 00 00 00 00 00 00 94 ae 02 b3 08 aa c7 a9 63 fb 43 5d 4b d4 26 60 c0 79 ec bd 5c 51 bc 17 0e ff 41 00 00 00 00 00 00 00 00 00 00 00 00 00 00 00 00 00 00 00 00 00 00 00 00 00 00 00 00 00 00 00 00 00 00 00 00 00 00000000 0000a602 0
00 af fd 00 a5 09 00 14 37 00 5d d0 00 64 5c 00 4a 2d 00 60 f3 00 f3 53 00 a4 3c 00 00 00 00 00 00 00 00 00 00 00 00 00 00 00 00 00 00 00 00 00 00 00 00 00 00 00 00 00 00 00 00 00 00 00 00 00 94 ae 02 b3 08 aa c7 a9 63 fb 43 5d 4b d4 26 60 c0 79 ec bd 5c 51 bc 17 0e ff 41 00 00 00 00 00 00 00 00 00 00 00 00 00 00 00 00 00 00 00 00 00 00 00 00 00 00 00 00 00 00 00 00 00 00 00 00 00 00000000 00002560 0
af fd f0 a5 09 a4 14 37 7c 5d d0 98 64 5c 00 4a 2d d7 60 f3 fa f3 53 2c a4 3c d1 00 00 00 00 00 00 00 00 00 00 00 00 00 00 00 00 00 00 00 00 00 00 00 00 00 00 00 00 00 00 00 00 00 00 00 00 00 94 ae 02 b3 08 aa c7 a9 63 fb 43 5d 4b d4 26 60 c0 79 ec bd 5c 51 bc 17 0e ff 41 00 00 00 00 00 00 00 00 00 00 00 00 00 00 00 00 00 00 00 00 00 00 00 00 00 00 00 00 00 00 00 00 00 00 00 00 00 00000000 00001f29 0
fd f0 8a 09 a4 a6 37 7c 70 d0 98 fe 5c 00 60 2d d7 04 f3 fa 20 53 2c 0c 3c d1 e8 00 00 00 00 00 00 00 00 00 00 00 00 00 00 00 00 00 00 00 00 00 00 00 00 00 00 00 00 00 00 00 00 00 00 00 00 00 94 ae 02 b3 08 aa c7 a9 63 fb 43 5d 4b d4 26 60 c0 79 ec bd 5c 51 bc 17 0e ff 41 00 00 00 00 00 00 00 00 00 00 00 00 00 00 00 00 00 00 00 00 00 00 00 00 00 00 00 00 00 00 00 00 00 00 00 00 00 00000000 0000595e 0
f0 8a fc a4 a6 8b 7c 70 ce 98 fe 01 00 60 68 d7 04 78 fa 20 7d 2c 0c f0 d1 e8 1f 00 00 00 00 00 00 00 00 00 00 00 00 00 00 00 00 00 00 00 00 00 00 00 00 00 00 00 00 00 00 00 00 00 00 00 00 00 94 ae 02 b3 08 aa c7 a9 63 fb 43 5d 4b d4 26 60 c0 79 ec bd 5c 51 bc 17 0e ff 41 00 00 00 00 00 00 00 00 00 00 00 00 00 00 00 00 00 00 00 00 00 00 00 00 00 00 00 00 00 00 00 00 00 00 00 00 00 00000000 00007488 0
8a fc 4d a6 8b 85 70 ce b3 fe 01 a0 60 68 85 04 78 8c 20 7d 75 0c f0 98 e8 1f 18 00 00 00 00 00 00 00 00 00 00 00 00 00 00 00 00 00 00 00 00 00 00 00 00 00 00 00 00 00 00 00 00 00 00 00 00 00 94 ae 02 b3 08 aa c7 a9 63 fb 43 5d 4b d4 26 60 c0 79 ec bd 5c 51 bc 17 0e ff 41 00 00 00 00 00 00 00 00 00 00 00 00 00 00 00 00 00 00 00 00 00 00 00 00 00 00 00 00 00 00 00 00 00 00 00 00 00 00000000 ffffdaf6 0
fc 4d 00 8b 85 00 ce b3 00 01 a0 00 68 85 00 78 8c 00 7d 75 00 f0 98 00 1f 18 00 00 00 00 00 00 00 00 00 00 00 00 00 00 00 00 00 00 00 00 00 00 00 00 00 00 00 00 00 00 00 00 00 00 00 00 00 00 94 ae 02 b3 08 aa c7 a9 63 fb 43 5d 4b d4 26 60 c0 79 ec bd 5c 51 bc 17 0e ff 41 00 00 00 00 00 00 00 00 00 00 00 00 00 00 00 00 00 00 00 00 00 00 00 00 00 00 00 00 00 00 00 00 00 00 00 00 00 00000000 000081ea 0
00 a5 09 00 14 37 00 27 a7 00 64 5c 00 4a 2d 00 55 89 00 f3 53 00 a4 3c 00 19 3e 00 00 00 00 00 00 00 00 00 00 00 00 00 00 00 00 00 00 00 00 00 00 00 00 00 00 00 00 00 00 00 00 00 00 00 00 00 94 ae 02 b3 08 aa c7 a9 63 fb 43 5d 4b d4 26 60 c0 79 ec bd 5c 51 bc 17 0e ff 41 00 00 00 00 00 00 00 00 00 00 00 00 00 00 00 00 00 00 00 00 00 00 00 00 00 00 00 00 00 00 00 00 00 00 00 00 00 00000000 00001275 0
a5 09 a4 14 37 7c 27 a7 d8 64 5c 00 4a 2d d7 55 89 9f f3 53 2c a4 3c d1 19 3e d4 00 00 00 00 00 00 00 00 00 00 00 00 00 00 00 00 00 00 00 00 00 00 00 00 00 00 00 00 00 00 00 00 00 00 00 00 00 94 ae 02 b3 08 aa c7 a9 63 fb 43 5d 4b d4 26 60 c0 79 ec bd 5c 51 bc 17 0e ff 41 00 00 00 00 00 00 00 00 00 00 00 00 00 00 00 00 00 00 00 00 00 00 00 00 00 00 00 00 00 00 00 00 00 00 00 00 00 00000000 ffffe87b 0
09 a4 a6 37 7c 70 a7 d8 db 5c 00 60 2d d7 04 89 9f 35 53 2c 0c 3c d1 e8 3e d4 6d 00 00 00 00 00 00 00 00 00 00 00 00 00 00 00 00 00 00 00 00 00 00 00 00 00 00 00 00 00 00 00 00 00 00 00 00 00 94 ae 02 b3 08 aa c7 a9 63 fb 43 5d 4b d4 26 60 c0 79 ec bd 5c 51 bc 17 0e ff 41 00 00 00 00 00 00 00 00 00 00 00 00 00 00 00 00 00 00 00 00 00 00 00 00 00 00 00 00 00 00 00 00 00 00 00 00 00 00000000 00006338 0
a4 a6 8b 7c 70 ce d8 db cc 00 60 68 d7 04 78 9f 35 c6 2c 0c f0 d1 e8 1f d4 6d ab 00 00 00 00 00 00 00 00 00 00 00 00 00 00 00 00 00 00 00 00 00 00 00 00 00 00 00 00 00 00 00 00 00 00 00 00 00 94 ae 02 b3 08 aa c7 a9 63 fb 43 5d 4b d4 26 60 c0 79 ec bd 5c 51 bc 17 0e ff 41 00 00 00 00 00 00 00 00 00 00 00 00 00 00 00 00 00 00 00 00 00 00 00 00 00 00 00 00 00 00 00 00 00 00 00 00 00 00000000 ffffffa0 0
a6 8b 85 70 ce b3 db cc c8 60 68 85 04 78 8c 35 c6 c0 0c f0 98 e8 1f 18 6d ab bf 00 00 00 00 00 00 00 00 00 00 00 00 00 00 00 00 00 00 00 00 00 00 00 00 00 00 00 00 00 00 00 00 00 00 00 00 00 94 ae 02 b3 08 aa c7 a9 63 fb 43 5d 4b d4 26 60 c0 79 ec bd 5c 51 bc 17 0e ff 41 00 00 00 00 00 00 00 00 00 00 00 00 00 00 00 00 00 00 00 00 00 00 00 00 00 00 00 00 00 00 00 00 00 00 00 00 00 00000000 ffffd776 0
8b 85 00 ce b3 00 cc c8 00 68 85 00 78 8c 00 c6 c0 00 f0 98 00 1f 18 00 ab bf 00 00 00 00 00 00 00 00 00 00 00 00 00 00 00 00 00 00 00 00 00 00 00 00 00 00 00 00 00 00 00 00 00 00 00 00 00 00 94 ae 02 b3 08 aa c7 a9 63 fb 43 5d 4b d4 26 60 c0 79 ec bd 5c 51 bc 17 0e ff 41 00 00 00 00 00 00 00 00 00 00 00 00 00 00 00 00 00 00 00 00 00 00 00 00 00 00 00 00 00 00 00 00 00 00 00 00 00 00000000 0000aea1 0
00 14 37 00 27 a7 00 23 1c 00 4a 2d 00 55 89 00 c6 04 00 a4 3c 00 19 3e 00 41 da 00 00 00 00 00 00 00 00 00 00 00 00 00 00 00 00 00 00 00 00 00 00 00 00 00 00 00 00 00 00 00 00 00 00 00 00 00 94 ae 02 b3 08 aa c7 a9 63 fb 43 5d 4b d4 26 60 c0 79 ec bd 5c 51 bc 17 0e ff 41 00 00 00 00 00 00 00 00 00 00 00 00 00 00 00 00 00 00 00 00 00 00 00 00 00 00 00 00 00 00 00 00 00 00 00 00 00 00000000 00004e93 0
14 37 7c 27 a7 d8 23 1c b6 4a 2d d7 55 89 9f c6 04 0d a4 3c d1 19 3e d4 41 da cf 00 00 00 00 00 00 00 00 00 00 00 00 00 00 00 00 00 00 00 00 00 00 00 00 00 00 00 00 00 00 00 00 00 00 00 00 00 94 ae 02 b3 08 aa c7 a9 63 fb 43 5d 4b d4 26 60 c0 79 ec bd 5c 51 bc 17 0e ff 41 00 00 00 00 00 00 00 00 00 00 00 00 00 00 00 00 00 00 00 00 00 00 00 00 00 00 00 00 00 00 00 00 00 00 00 00 00 00000000 ffff930c 0
37 7c 70 a7 d8 db 1c b6 16 2d d7 04 89 9f 35 04 0d 4b 3c d1 e8 3e d4 6d da cf 00 00 00 00 00 00 00 00 00 00 00 00 00 00 00 00 00 00 00 00 00 00 00 00 00 00 00 00 00 00 00 00 00 00 00 00 00 00 94 ae 02 b3 08 aa c7 a9 63 fb 43 5d 4b d4 26 60 c0 79 ec bd 5c 51 bc 17 0e ff 41 00 00 00 00 00 00 00 00 00 00 00 00 00 00 00 00 00 00 00 00 00 00 00 00 00 00 00 00 00 00 00 00 00 00 00 00 00 00000000 000036be 0
7c 70 ce d8 db cc b6 16 c0 d7 04 78 9f 35 c6 0d 4b 4d d1 e8 1f d4 6d ab cf 00 5a 00 00 00 00 00 00 00 00 00 00 00 00 00 00 00 00 00 00 00 00 00 00 00 00 00 00 00 00 00 00 00 00 00 00 00 00 00 94 ae 02 b3 08 aa c7 a9 63 fb 43 5d 4b d4 26 60 c0 79 ec bd 5c 51 bc 17 0e ff 41 00 00 00 00 00 00 00 00 00 00 00 00 00 00 00 00 00 00 00 00 00 00 00 00 00 00 00 00 00 00 00 00 00 00 00 00 00 00000000 ffffc098 0
70 ce b3 db cc c8 16 c0 e9 04 78 8c 35 c6 c0 4b 4d d8 e8 1f 18 6d ab bf 00 5a ef 00 00 00 00 00 00 00 00 00 00 00 00 00 00 00 00 00 00 00 00 00 00 00 00 00 00 00 00 00 00 00 00 00 00 00 00 00 94 ae 02 b3 08 aa c7 a9 63 fb 43 5d 4b d4 26 60 c0 79 ec bd 5c 51 bc 17 0e ff 41 00 00 00 00 00 00 00 00 00 00 00 00 00 00 00 00 00 00 00 00 00 00 00 00 00 00 00 00 00 00 00 00 00 00 00 00 00 00000000 00003089 0
ce b3 00 cc c8 00 c0 e9 00 78 8c 00 c6 c0 00 4d d8 00 1f 18 00 ab bf 00 5a ef 00 00 00 00 00 00 00 00 00 00 00 00 00 00 00 00 00 00 00 00 00 00 00 00 00 00 00 00 00 00 00 00 00 00 00 00 00 00 94 ae 02 b3 08 aa c7 a9 63 fb 43 5d 4b d4 26 60 c0 79 ec bd 5c 51 bc 17 0e ff 41 00 00 00 00 00 00 00 00 00 00 00 00 00 00 00 00 00 00 00 00 00 00 00 00 00 00 00 00 00 00 00 00 00 00 00 00 00 00000000 0000448d 0
00 27 a7 00 23 1c 00 c8 90 00 55 89 00 c6 04 00 ad f7 00 19 3e 00 41 da 00 9a 7d 00 00 00 00 00 00 00 00 00 00 00 00 00 00 00 00 00 00 00 00 00 00 00 00 00 00 00 00 00 00 00 00 00 00 00 00 00 94 ae 02 b3 08 aa c7 a9 63 fb 43 5d 4b d4 26 60 c0 79 ec bd 5c 51 bc 17 0e ff 41 00 00 00 00 00 00 00 00 00 00 00 00 00 00 00 00 00 00 00 00 00 00 00 00 00 00 00 00 00 00 00 00 00 00 00 00 00 00000000 fffff37d 0
27 a7 d8 23 1c b6 c8 90 21 55 89 9f c6 04 0d ad f7 78 19 3e d4 41 da cf 9a 7d 49 00 00 00 00 00 00 00 00 00 00 00 00 00 00 00 00 00 00 00 00 00 00 00 00 00 00 00 00 00 00 00 00 00 00 00 00 00 94 ae 02 b3 08 aa c7 a9 63 fb 43 5d 4b d4 26 60 c0 79 ec bd 5c 51 bc 17 0e ff 41 00 00 00 00 00 00 00 00 00 00 00 00 00 00 00 00 00 00 00 00 00 00 00 00 00 00 00 00 00 00 00 00 00 00 00 00 00 00000000 00002707 0
a7 d8 db 1c b6 16 90 21 e9 89 9f 35 04 0d 4b f7 78 83 3e d4 6d da cf 00 7d 49 32 00 00 00 00 00 00 00 00 00 00 00 00 00 00 00 00 00 00 00 00 00 00 00 00 00 00 00 00 00 00 00 00 00 00 00 00 00 94 ae 02 b3 08 aa c7 a9 63 fb 43 5d 4b d4 26 60 c0 79 ec bd 5c 51 bc 17 0e ff 41 00 00 00 00 00 00 00 00 00 00 00 00 00 00 00 00 00 00 00 00 00 00 00 00 00 00 00 00 00 00 00 00 00 00 00 00 00 00000000 000010a9 0
d8 db cc b6 16 c0 21 e9 db 9f 35 c6 0d 4b 4d 78 83 da d4 6d ab cf 00 5a 49 32 44 00 00 00 00 00 00 00 00 00 00 00 00 00 00 00 00 00 00 00 00 00 00 00 00 00 00 00 00 00 00 00 00 00 00 00 00 00 94 ae 02 b3 08 aa c7 a9 63 fb 43 5d 4b d4 26 60 c0 79 ec bd 5c 51 bc 17 0e ff 41 00 00 00 00 00 00 00 00 00 00 00 00 00 00 00 00 00 00 00 00 00 00 00 00 00 00 00 00 00 00 00 00 00 00 00 00 00 00000000 00004844 0
db cc c8 16 c0 e9 e9 db 19 35 c6 c0 4b 4d d8 83 da 22 6d ab bf 00 5a ef 32 44 d4 00 00 00 00 00 00 00 00 00 00 00 00 00 00 00 00 00 00 00 00 00 00 00 00 00 00 00 00 00 00 00 00 00 00 00 00 00 94 ae 02 b3 08 aa c7 a9 63 fb 43 5d 4b d4 26 60 c0 79 ec bd 5c 51 bc 17 0e ff 41 00 00 00 00 00 00 00 00 00 00 00 00 00 00 00 00 00 00 00 00 00 00 00 00 00 00 00 00 00 00 00 00 00 00 00 00 00 00000000 ffffd491 0
cc c8 00 c0 e9 00 db 19 00 c6 c0 00 4d d8 00 da 22 00 ab bf 00 5a ef 00 44 d4 00 00 00 00 00 00 00 00 00 00 00 00 00 00 00 00 00 00 00 00 00 00 00 00 00 00 00 00 00 00 00 00 00 00 00 00 00 00 94 ae 02 b3 08 aa c7 a9 63 fb 43 5d 4b d4 26 60 c0 79 ec bd 5c 51 bc 17 0e ff 41 00 00 00 00 00 00 00 00 00 00 00 00 00 00 00 00 00 00 00 00 00 00 00 00 00 00 00 00 00 00 00 00 00 00 00 00 00 00000000 00006dc0 0
00 23 1c 00 c8 90 00 00 00 00 c6 04 00 ad f7 00 00 00 00 41 da 00 9a 7d 00 00 00 00 00 00 00 00 00 00 00 00 00 00 00 00 00 00 00 00 00 00 00 00 00 00 00 00 00 00 00 00 00 00 00 00 00 00 00 00 94 ae 02 b3 08 aa c7 a9 63 fb 43 5d 4b d4 26 60 c0 79 ec bd 5c 51 bc 17 0e ff 41 00 00 00 00 00 00 00 00 00 00 00 00 00 00 00 00 00 00 00 00 00 00 00 00 00 00 00 00 00 00 00 00 00 00 00 00 00 00000000 00001fbe 0
23 1c b6 c8 90 21 00 00 00 c6 04 0d ad f7 78 00 00 00 41 da cf 9a 7d 49 00 00 00 00 00 00 00 00 00 00 00 00 00 00 00 00 00 00 00 00 00 00 00 00 00 00 00 00 00 00 00 00 00 00 00 00 00 00 00 00 94 ae 02 b3 08 aa c7 a9 63 fb 43 5d 4b d4 26 60 c0 79 ec bd 5c 51 bc 17 0e ff 41 00 00 00 00 00 00 00 00 00 00 00 00 00 00 00 00 00 00 00 00 00 00 00 00 00 00 00 00 00 00 00 00 00 00 00 00 00 00000000 ffffa43b 0
1c b6 16 90 21 e9 00 00 00 04 0d 4b f7 78 83 00 00 00 da cf 00 7d 49 32 00 00 00 00 00 00 00 00 00 00 00 00 00 00 00 00 00 00 00 00 00 00 00 00 00 00 00 00 00 00 00 00 00 00 00 00 00 00 00 00 94 ae 02 b3 08 aa c7 a9 63 fb 43 5d 4b d4 26 60 c0 79 ec bd 5c 51 bc 17 0e ff 41 00 00 00 00 00 00 00 00 00 00 00 00 00 00 00 00 00 00 00 00 00 00 00 00 00 00 00 00 00 00 00 00 00 00 00 00 00 00000000 000053b5 0
b6 16 c0 21 e9 db 00 00 00 0d 4b 4d 78 83 da 00 00 00 cf 00 5a 49 32 44 00 00 00 00 00 00 00 00 00 00 00 00 00 00 00 00 00 00 00 00 00 00 00 00 00 00 00 00 00 00 00 00 00 00 00 00 00 00 00 00 94 ae 02 b3 08 aa c7 a9 63 fb 43 5d 4b d4 26 60 c0 79 ec bd 5c 51 bc 17 0e ff 41 00 00 00 00 00 00 00 00 00 00 00 00 00 00 00 00 00 00 00 00 00 00 00 00 00 00 00 00 00 00 00 00 00 00 00 00 00 00000000 0000afe7 0
16 c0 e9 e9 db 19 00 00 00 4b 4d d8 83 da 22 00 00 00 00 5a ef 32 44 d4 00 00 00 00 00 00 00 00 00 00 00 00 00 00 00 00 00 00 00 00 00 00 00 00 00 00 00 00 00 00 00 00 00 00 00 00 00 00 00 00 94 ae 02 b3 08 aa c7 a9 63 fb 43 5d 4b d4 26 60 c0 79 ec bd 5c 51 bc 17 0e ff 41 00 00 00 00 00 00 00 00 00 00 00 00 00 00 00 00 00 00 00 00 00 00 00 00 00 00 00 00 00 00 00 00 00 00 00 00 00 00000000 ffffcfa8 0
c0 e9 00 db 19 00 00 00 00 4d d8 00 da 22 00 00 00 00 5a ef 00 44 d4 00 00 00 00 00 00 00 00 00 00 00 00 00 00 00 00 00 00 00 00 00 00 00 00 00 00 00 00 00 00 00 00 00 00 00 00 00 00 00 00 00 94 ae 02 b3 08 aa c7 a9 63 fb 43 5d 4b d4 26 60 c0 79 ec bd 5c 51 bc 17 0e ff 41 00 00 00 00 00 00 00 00 00 00 00 00 00 00 00 00 00 00 00 00 00 00 00 00 00 00 00 00 00 00 00 00 00 00 00 00 00 00000000 00002ff3 0
