# fields: act[0..63] wgt[0..63] acc_in acc_out sat (hex)
6d 8b 14 9d 9a 21 5e fd ea 57 4c 0b 88 68 96 fc b0 a7 12 70 96 1a 49 09 88 5a 1b 00 00 00 00 00 00 00 00 00 00 00 00 00 00 00 00 00 00 00 00 00 00 00 00 00 00 00 00 00 00 00 00 00 00 00 00 00 78 aa 64 2b 81 d2 26 38 ed ca cb b7 4e 22 57 38 2e 05 3c 93 a0 fe 07 4b 11 aa a6 00 00 00 00 00 00 00 00 00 00 00 00 00 00 00 00 00 00 00 00 00 00 00 00 00 00 00 00 00 00 00 00 00 00 00 00 00 00000000 ffffed37 0
8b 14 b4 9a 21 d1 fd ea 4b 4c 0b 7c 68 96 7a b0 a7 95 70 96 a1 49 09 34 5a 1b 22 00 00 00 00 00 00 00 00 00 00 00 00 00 00 00 00 00 00 00 00 00 00 00 00 00 00 00 00 00 00 00 00 00 00 00 00 00 78 aa 64 2b 81 d2 26 38 ed ca cb b7 4e 22 57 38 2e 05 3c 93 a0 fe 07 4b 11 aa a6 00 00 00 00 00 00 00 00 00 00 00 00 00 00 00 00 00 00 00 00 00 00 00 00 00 00 00 00 00 00 00 00 00 00 00 00 00 00000000 ffffcd8f 0
14 b4 3e 21 d1 c3 ea 4b be 0b 7c b2 96 7a ed a7 95 58 96 a1 4a 09 34 70 1b 22 cc 00 00 00 00 00 00 00 00 00 00 00 00 00 00 00 00 00 00 00 00 00 00 00 00 00 00 00 00 00 00 00 00 00 00 00 00 00 78 aa 64 2b 81 d2 26 38 ed ca cb b7 4e 22 57 38 2e 05 3c 93 a0 fe 07 4b 11 aa a6 00 00 00 00 00 00 00 00 00 00 00 00 00 00 00 00 00 00 00 00 00 00 00 00 00 00 00 00 00 00 00 00 00 00 00 00 00 00000000 00005261 0
b4 3e 63 d1 c3 b4 4b be ec 7c b2 c2 7a ed 49 95 58 62 a1 4a af 34 70 99 22 cc 0e 00 00 00 00 00 00 00 00 00 00 00 00 00 00 00 00 00 00 00 00 00 00 00 00 00 00 00 00 00 00 00 00 00 00 00 00 00 78 aa 64 2b 81 d2 26 38 ed ca cb b7 4e 22 57 38 2e 05 3c 93 a0 fe 07 4b 11 aa a6 00 00 00 00 00 00 00 00 00 00 00 00 00 00 00 00 00 00 00 00 00 00 00 00 00 00 00 00 00 00 00 00 00 00 00 00 00 00000000 000029c2 0
3e 63 02 c3 b4 b9 be ec 44 b2 c2 df ed 49 2c 58 62 e0 4a af 4c 70 99 74 cc 0e a1 00 00 00 00 00 00 00 00 00 00 00 00 00 00 00 00 00 00 00 00 00 00 00 00 00 00 00 00 00 00 00 00 00 00 00 00 00 78 aa 64 2b 81 d2 26 38 ed ca cb b7 4e 22 57 38 2e 05 3c 93 a0 fe 07 4b 11 aa a6 00 00 00 00 00 00 00 00 00 00 00 00 00 00 00 00 00 00 00 00 00 00 00 00 00 00 00 00 00 00 00 00 00 00 00 00 00 00000000 0000be3e 0
9d 9a 21 5e fd ea c4 02 81 88 68 96 fc b0 a7 d8 e1 45 1a 49 09 88 5a 1b 38 54 48 00 00 00 00 00 00 00 00 00 00 00 00 00 00 00 00 00 00 00 00 00 00 00 00 00 00 00 00 00 00 00 00 00 00 00 00 00 78 aa 64 2b 81 d2 26 38 ed ca cb b7 4e 22 57 38 2e 05 3c 93 a0 fe 07 4b 11 aa a6 00 00 00 00 00 00 00 00 00 00 00 00 00 00 00 00 00 00 00 00 00 00 00 00 00 00 00 00 00 00 00 00 00 00 00 00 00 00000000 ffffbf04 0
9a 21 d1 fd ea 4b 02 81 bd 68 96 7a b0 a7 95 e1 45 38 49 09 34 5a 1b 22 54 48 8c 00 00 00 00 00 00 00 00 00 00 00 00 00 00 00 00 00 00 00 00 00 00 00 00 00 00 00 00 00 00 00 00 00 00 00 00 00 78 aa 64 2b 81 d2 26 38 ed ca cb b7 4e 22 57 38 2e 05 3c 93 a0 fe 07 4b 11 aa a6 00 00 00 00 00 00 00 00 00 00 00 00 00 00 00 00 00 00 00 00 00 00 00 00 00 00 00 00 00 00 00 00 00 00 00 00 00 00000000 ffff4e7b 0
21 d1 c3 ea 4b be 81 bd e7 96 7a ed a7 95 58 45 38 e4 09 34 70 1b 22 cc 48 8c ba 00 00 00 00 00 00 00 00 00 00 00 00 00 00 00 00 00 00 00 00 00 00 00 00 00 00 00 00 00 00 00 00 00 00 00 00 00 78 aa 64 2b 81 d2 26 38 ed ca cb b7 4e 22 57 38 2e 05 3c 93 a0 fe 07 4b 11 aa a6 00 00 00 00 00 00 00 00 00 00 00 00 00 00 00 00 00 00 00 00 00 00 00 00 00 00 00 00 00 00 00 00 00 00 00 00 00 00000000 ffffd241 0
d1 c3 b4 4b be ec bd e7 41 7a ed 49 95 58 62 38 e4 f7 34 70 99 22 cc 0e 8c ba 92 00 00 00 00 00 00 00 00 00 00 00 00 00 00 00 00 00 00 00 00 00 00 00 00 00 00 00 00 00 00 00 00 00 00 00 00 00 78 aa 64 2b 81 d2 26 38 ed ca cb b7 4e 22 57 38 2e 05 3c 93 a0 fe 07 4b 11 aa a6 00 00 00 00 00 00 00 00 00 00 00 00 00 00 00 00 00 00 00 00 00 00 00 00 00 00 00 00 00 00 00 00 00 00 00 00 00 00000000 0000224f 0
c3 b4 b9 be ec 44 e7 41 76 ed 49 2c 58 62 e0 e4 f7 38 70 99 74 cc 0e a1 ba 92 87 00 00 00 00 00 00 00 00 00 00 00 00 00 00 00 00 00 00 00 00 00 00 00 00 00 00 00 00 00 00 00 00 00 00 00 00 00 78 aa 64 2b 81 d2 26 38 ed ca cb b7 4e 22 57 38 2e 05 3c 93 a0 fe 07 4b 11 aa a6 00 00 00 00 00 00 00 00 00 00 00 00 00 00 00 00 00 00 00 00 00 00 00 00 00 00 00 00 00 00 00 00 00 00 00 00 00 00000000 00001ea1 0
5e fd ea c4 02 81 f6 09 93 fc b0 a7 d8 e1 45 a1 2e 9a 88 5a 1b 38 54 48 b3 2a 2c 00 00 00 00 00 00 00 00 00 00 00 00 00 00 00 00 00 00 00 00 00 00 00 00 00 00 00 00 00 00 00 00 00 00 00 00 00 78 aa 64 2b 81 d2 26 38 ed ca cb b7 4e 22 57 38 2e 05 3c 93 a0 fe 07 4b 11 aa a6 00 00 00 00 00 00 00 00 00 00 00 00 00 00 00 00 00 00 00 00 00 00 00 00 00 00 00 00 00 00 00 00 00 00 00 00 00 00000000 000003ea 0
fd ea 4b 02 81 bd 09 93 d5 b0 a7 95 e1 45 38 2e 9a 6a 5a 1b 22 54 48 8c 2a 2c 3c 00 00 00 00 00 00 00 00 00 00 00 00 00 00 00 00 00 00 00 00 00 00 00 00 00 00 00 00 00 00 00 00 00 00 00 00 00 78 aa 64 2b 81 d2 26 38 ed ca cb b7 4e 22 57 38 2e 05 3c 93 a0 fe 07 4b 11 aa a6 00 00 00 00 00 00 00 00 00 00 00 00 00 00 00 00 00 00 00 00 00 00 00 00 00 00 00 00 00 00 00 00 00 00 00 00 00 00000000 000064cd 0
ea 4b be 81 bd e7 93 d5 f7 a7 95 58 45 38 e4 9a 6a 96 1b 22 cc 48 8c ba 2c 3c 91 00 00 00 00 00 00 00 00 00 00 00 00 00 00 00 00 00 00 00 00 00 00 00 00 00 00 00 00 00 00 00 00 00 00 00 00 00 78 aa 64 2b 81 d2 26 38 ed ca cb b7 4e 22 57 38 2e 05 3c 93 a0 fe 07 4b 11 aa a6 00 00 00 00 00 00 00 00 00 00 00 00 00 00 00 00 00 00 00 00 00 00 00 00 00 00 00 00 00 00 00 00 00 00 00 00 00 00000000 ffffe088 0
4b be ec bd e7 41 d5 f7 52 95 58 62 38 e4 f7 6a 96 da 22 cc 0e 8c ba 92 3c 91 3d 00 00 00 00 00 00 00 00 00 00 00 00 00 00 00 00 00 00 00 00 00 00 00 00 00 00 00 00 00 00 00 00 00 00 00 00 00 78 aa 64 2b 81 d2 26 38 ed ca cb b7 4e 22 57 38 2e 05 3c 93 a0 fe 07 4b 11 aa a6 00 00 00 00 00 00 00 00 00 00 00 00 00 00 00 00 00 00 00 00 00 00 00 00 00 00 00 00 00 00 00 00 00 00 00 00 00 00000000 00001a17 0
be ec 44 e7 41 76 f7 52 0c 58 62 e0 e4 f7 38 96 da cb cc 0e a1 ba 92 87 91 3d a5 00 00 00 00 00 00 00 00 00 00 00 00 00 00 00 00 00 00 00 00 00 00 00 00 00 00 00 00 00 00 00 00 00 00 00 00 00 78 aa 64 2b 81 d2 26 38 ed ca cb b7 4e 22 57 38 2e 05 3c 93 a0 fe 07 4b 11 aa a6 00 00 00 00 00 00 00 00 00 00 00 00 00 00 00 00 00 00 00 00 00 00 00 00 00 00 00 00 00 00 00 00 00 00 00 00 00 00000000 ffff94a1 0
