# fields: act[0..63] wgt[0..63] acc_in acc_out sat (hex)
00 00 00 00 ae 82 00 77 35 00 00 00 00 a0 c2 00 df 81 00 00 00 00 49 bb 00 ed 2c 00 00 00 00 00 00 00 00 00 00 00 00 00 00 00 00 00 00 00 00 00 00 00 00 00 00 00 00 00 00 00 00 00 00 00 00 00 0a 0f 75 1c 08 7b ed 7f 3c 70 fb 2d da dc 66 cc 9d 26 c5 ed 21 7c 75 28 bc c1 c7 00 00 00 00 00 00 00 00 00 00 00 00 00 00 00 00 00 00 00 00 00 00 00 00 00 00 00 00 00 00 00 00 00 00 00 00 00 00000000 00000886 0
00 00 00 ae 82 44 77 35 ca 00 00 00 a0 c2 e9 df 81 ad 00 00 00 49 bb 75 ed 2c 78 00 00 00 00 00 00 00 00 00 00 00 00 00 00 00 00 00 00 00 00 00 00 00 00 00 00 00 00 00 00 00 00 00 00 00 00 00 0a 0f 75 1c 08 7b ed 7f 3c 70 fb 2d da dc 66 cc 9d 26 c5 ed 21 7c 75 28 bc c1 c7 00 00 00 00 00 00 00 00 00 00 00 00 00 00 00 00 00 00 00 00 00 00 00 00 00 00 00 00 00 00 00 00 00 00 00 00 00 00000000 0000477a 0
00 00 00 82 44 09 35 ca 54 00 00 00 c2 e9 cc 81 ad 5a 00 00 00 bb 75 b6 2c 78 b4 00 00 00 00 00 00 00 00 00 00 00 00 00 00 00 00 00 00 00 00 00 00 00 00 00 00 00 00 00 00 00 00 00 00 00 00 00 0a 0f 75 1c 08 7b ed 7f 3c 70 fb 2d da dc 66 cc 9d 26 c5 ed 21 7c 75 28 bc c1 c7 00 00 00 00 00 00 00 00 00 00 00 00 00 00 00 00 00 00 00 00 00 00 00 00 00 00 00 00 00 00 00 00 00 00 00 00 00 00000000 00001ccc 0
00 00 00 44 09 6d ca 54 cb 00 00 00 e9 cc f5 ad 5a 9a 00 00 00 75 b6 cc 78 b4 84 00 00 00 00 00 00 00 00 00 00 00 00 00 00 00 00 00 00 00 00 00 00 00 00 00 00 00 00 00 00 00 00 00 00 00 00 00 0a 0f 75 1c 08 7b ed 7f 3c 70 fb 2d da dc 66 cc 9d 26 c5 ed 21 7c 75 28 bc c1 c7 00 00 00 00 00 00 00 00 00 00 00 00 00 00 00 00 00 00 00 00 00 00 00 00 00 00 00 00 00 00 00 00 00 00 00 00 00 00000000 00005fc5 0
00 00 00 09 6d 0b 54 cb 89 00 00 00 cc f5 8d 5a 9a ef 00 00 00 b6 cc 45 b4 84 31 00 00 00 00 00 00 00 00 00 00 00 00 00 00 00 00 00 00 00 00 00 00 00 00 00 00 00 00 00 00 00 00 00 00 00 00 00 0a 0f 75 1c 08 7b ed 7f 3c 70 fb 2d da dc 66 cc 9d 26 c5 ed 21 7c 75 28 bc c1 c7 00 00 00 00 00 00 00 00 00 00 00 00 00 00 00 00 00 00 00 00 00 00 00 00 00 00 00 00 00 00 00 00 00 00 00 00 00 00000000 ffffb24f 0
00 00 00 6d 0b 3e cb 89 d8 00 00 00 f5 8d b4 9a ef 58 00 00 00 cc 45 e7 84 31 08 00 00 00 00 00 00 00 00 00 00 00 00 00 00 00 00 00 00 00 00 00 00 00 00 00 00 00 00 00 00 00 00 00 00 00 00 00 0a 0f 75 1c 08 7b ed 7f 3c 70 fb 2d da dc 66 cc 9d 26 c5 ed 21 7c 75 28 bc c1 c7 00 00 00 00 00 00 00 00 00 00 00 00 00 00 00 00 00 00 00 00 00 00 00 00 00 00 00 00 00 00 00 00 00 00 00 00 00 00000000 00001aff 0
00 00 00 0b 3e 76 89 d8 05 00 00 00 8d b4 01 ef 58 31 00 00 00 45 e7 d5 31 08 9c 00 00 00 00 00 00 00 00 00 00 00 00 00 00 00 00 00 00 00 00 00 00 00 00 00 00 00 00 00 00 00 00 00 00 00 00 00 0a 0f 75 1c 08 7b ed 7f 3c 70 fb 2d da dc 66 cc 9d 26 c5 ed 21 7c 75 28 bc c1 c7 00 00 00 00 00 00 00 00 00 00 00 00 00 00 00 00 00 00 00 00 00 00 00 00 00 00 00 00 00 00 00 00 00 00 00 00 00 00000000 00004d68 0
00 00 00 3e 76 2c d8 05 3c 00 00 00 b4 01 cf 58 31 98 00 00 00 e7 d5 03 08 9c 61 00 00 00 00 00 00 00 00 00 00 00 00 00 00 00 00 00 00 00 00 00 00 00 00 00 00 00 00 00 00 00 00 00 00 00 00 00 0a 0f 75 1c 08 7b ed 7f 3c 70 fb 2d da dc 66 cc 9d 26 c5 ed 21 7c 75 28 bc c1 c7 00 00 00 00 00 00 00 00 00 00 00 00 00 00 00 00 00 00 00 00 00 00 00 00 00 00 00 00 00 00 00 00 00 00 00 00 00 00000000 ffffd812 0
00 00 00 76 2c 46 05 3c c1 00 00 00 01 cf 75 31 98 b4 00 00 00 d5 03 55 9c 61 19 00 00 00 00 00 00 00 00 00 00 00 00 00 00 00 00 00 00 00 00 00 00 00 00 00 00 00 00 00 00 00 00 00 00 00 00 00 0a 0f 75 1c 08 7b ed 7f 3c 70 fb 2d da dc 66 cc 9d 26 c5 ed 21 7c 75 28 bc c1 c7 00 00 00 00 00 00 00 00 00 00 00 00 00 00 00 00 00 00 00 00 00 00 00 00 00 00 00 00 00 00 00 00 00 00 00 00 00 00000000 00007dd6 0
00 00 00 2c 46 69 3c c1 13 00 00 00 cf 75 b2 98 b4 56 00 00 00 03 55 13 61 19 b3 00 00 00 00 00 00 00 00 00 00 00 00 00 00 00 00 00 00 00 00 00 00 00 00 00 00 00 00 00 00 00 00 00 00 00 00 00 0a 0f 75 1c 08 7b ed 7f 3c 70 fb 2d da dc 66 cc 9d 26 c5 ed 21 7c 75 28 bc c1 c7 00 00 00 00 00 00 00 00 00 00 00 00 00 00 00 00 00 00 00 00 00 00 00 00 00 00 00 00 00 00 00 00 00 00 00 00 00 00000000 00004db7 0
00 00 00 46 69 bb c1 13 53 00 00 00 75 b2 4c b4 56 bc 00 00 00 55 13 7c 19 b3 f5 00 00 00 00 00 00 00 00 00 00 00 00 00 00 00 00 00 00 00 00 00 00 00 00 00 00 00 00 00 00 00 00 00 00 00 00 00 0a 0f 75 1c 08 7b ed 7f 3c 70 fb 2d da dc 66 cc 9d 26 c5 ed 21 7c 75 28 bc c1 c7 00 00 00 00 00 00 00 00 00 00 00 00 00 00 00 00 00 00 00 00 00 00 00 00 00 00 00 00 00 00 00 00 00 00 00 00 00 00000000 00005b4c 0
00 00 00 69 bb 00 13 53 00 00 00 00 b2 4c 00 56 bc 00 00 00 00 13 7c 00 b3 f5 00 00 00 00 00 00 00 00 00 00 00 00 00 00 00 00 00 00 00 00 00 00 00 00 00 00 00 00 00 00 00 00 00 00 00 00 00 00 0a 0f 75 1c 08 7b ed 7f 3c 70 fb 2d da dc 66 cc 9d 26 c5 ed 21 7c 75 28 bc c1 c7 00 00 00 00 00 00 00 00 00 00 00 00 00 00 00 00 00 00 00 00 00 00 00 00 00 00 00 00 00 00 00 00 00 00 00 00 00 00000000 000093d9 0
00 ae 82 00 77 35 00 04 13 00 a0 c2 00 df 81 00 07 0e 00 49 bb 00 ed 2c 00 0c 0a 00 00 00 00 00 00 00 00 00 00 00 00 00 00 00 00 00 00 00 00 00 00 00 00 00 00 00 00 00 00 00 00 00 00 00 00 00 0a 0f 75 1c 08 7b ed 7f 3c 70 fb 2d da dc 66 cc 9d 26 c5 ed 21 7c 75 28 bc c1 c7 00 00 00 00 00 00 00 00 00 00 00 00 00 00 00 00 00 00 00 00 00 00 00 00 00 00 00 00 00 00 00 00 00 00 00 00 00 00000000 ffff9851 0
ae 82 44 77 35 ca 04 13 57 a0 c2 e9 df 81 ad 07 0e db 49 bb 75 ed 2c 78 0c 0a fe 00 00 00 00 00 00 00 00 00 00 00 00 00 00 00 00 00 00 00 00 00 00 00 00 00 00 00 00 00 00 00 00 00 00 00 00 00 0a 0f 75 1c 08 7b ed 7f 3c 70 fb 2d da dc 66 cc 9d 26 c5 ed 21 7c 75 28 bc c1 c7 00 00 00 00 00 00 00 00 00 00 00 00 00 00 00 00 00 00 00 00 00 00 00 00 00 00 00 00 00 00 00 00 00 00 00 00 00 00000000 ffffff19 0
82 44 09 35 ca 54 13 57 0c c2 e9 cc 81 ad 5a 0e db 75 bb 75 b6 2c 78 b4 0a fe 52 00 00 00 00 00 00 00 00 00 00 00 00 00 00 00 00 00 00 00 00 00 00 00 00 00 00 00 00 00 00 00 00 00 00 00 00 00 0a 0f 75 1c 08 7b ed 7f 3c 70 fb 2d da dc 66 cc 9d 26 c5 ed 21 7c 75 28 bc c1 c7 00 00 00 00 00 00 00 00 00 00 00 00 00 00 00 00 00 00 00 00 00 00 00 00 00 00 00 00 00 00 00 00 00 00 00 00 00 00000000 0000c125 0
44 09 6d ca 54 cb 57 0c 5d e9 cc f5 ad 5a 9a db 75 98 75 b6 cc 78 b4 84 fe 52 cb 00 00 00 00 00 00 00 00 00 00 00 00 00 00 00 00 00 00 00 00 00 00 00 00 00 00 00 00 00 00 00 00 00 00 00 00 00 0a 0f 75 1c 08 7b ed 7f 3c 70 fb 2d da dc 66 cc 9d 26 c5 ed 21 7c 75 28 bc c1 c7 00 00 00 00 00 00 00 00 00 00 00 00 00 00 00 00 00 00 00 00 00 00 00 00 00 00 00 00 00 00 00 00 00 00 00 00 00 00000000 ffffa46a 0
09 6d 0b 54 cb 89 0c 5d 2b cc f5 8d 5a 9a ef 75 98 ed b6 cc 45 b4 84 31 52 cb c2 00 00 00 00 00 00 00 00 00 00 00 00 00 00 00 00 00 00 00 00 00 00 00 00 00 00 00 00 00 00 00 00 00 00 00 00 00 0a 0f 75 1c 08 7b ed 7f 3c 70 fb 2d da dc 66 cc 9d 26 c5 ed 21 7c 75 28 bc c1 c7 00 00 00 00 00 00 00 00 00 00 00 00 00 00 00 00 00 00 00 00 00 00 00 00 00 00 00 00 00 00 00 00 00 00 00 00 00 00000000 ffffbb96 0
6d 0b 3e cb 89 d8 5d 2b 78 f5 8d b4 9a ef 58 98 ed ac cc 45 e7 84 31 08 cb c2 03 00 00 00 00 00 00 00 00 00 00 00 00 00 00 00 00 00 00 00 00 00 00 00 00 00 00 00 00 00 00 00 00 00 00 00 00 00 0a 0f 75 1c 08 7b ed 7f 3c 70 fb 2d da dc 66 cc 9d 26 c5 ed 21 7c 75 28 bc c1 c7 00 00 00 00 00 00 00 00 00 00 00 00 00 00 00 00 00 00 00 00 00 00 00 00 00 00 00 00 00 00 00 00 00 00 00 00 00 00000000 00005f9f 0
0b 3e 76 89 d8 05 2b 78 ee 8d b4 01 ef 58 31 ed ac 47 45 e7 d5 31 08 9c c2 03 e3 00 00 00 00 00 00 00 00 00 00 00 00 00 00 00 00 00 00 00 00 00 00 00 00 00 00 00 00 00 00 00 00 00 00 00 00 00 0a 0f 75 1c 08 7b ed 7f 3c 70 fb 2d da dc 66 cc 9d 26 c5 ed 21 7c 75 28 bc c1 c7 00 00 00 00 00 00 00 00 00 00 00 00 00 00 00 00 00 00 00 00 00 00 00 00 00 00 00 00 00 00 00 00 00 00 00 00 00 00000000 00007884 0
3e 76 2c d8 05 3c 78 ee 7b b4 01 cf 58 31 98 ac 47 bf e7 d5 03 08 9c 61 03 e3 50 00 00 00 00 00 00 00 00 00 00 00 00 00 00 00 00 00 00 00 00 00 00 00 00 00 00 00 00 00 00 00 00 00 00 00 00 00 0a 0f 75 1c 08 7b ed 7f 3c 70 fb 2d da dc 66 cc 9d 26 c5 ed 21 7c 75 28 bc c1 c7 00 00 00 00 00 00 00 00 00 00 00 00 00 00 00 00 00 00 00 00 00 00 00 00 00 00 00 00 00 00 00 00 00 00 00 00 00 00000000 ffffa8ed 0
76 2c 46 05 3c c1 ee 7b 4d 01 cf 75 31 98 b4 47 bf 65 d5 03 55 9c 61 19 e3 50 9d 00 00 00 00 00 00 00 00 00 00 00 00 00 00 00 00 00 00 00 00 00 00 00 00 00 00 00 00 00 00 00 00 00 00 00 00 00 0a 0f 75 1c 08 7b ed 7f 3c 70 fb 2d da dc 66 cc 9d 26 c5 ed 21 7c 75 28 bc c1 c7 00 00 00 00 00 00 00 00 00 00 00 00 00 00 00 00 00 00 00 00 00 00 00 00 00 00 00 00 00 00 00 00 00 00 00 00 00 00000000 000092fa 0
2c 46 69 3c c1 13 7b 4d 59 cf 75 b2 98 b4 56 bf 65 16 03 55 13 61 19 b3 50 9d cc 00 00 00 00 00 00 00 00 00 00 00 00 00 00 00 00 00 00 00 00 00 00 00 00 00 00 00 00 00 00 00 00 00 00 00 00 00 0a 0f 75 1c 08 7b ed 7f 3c 70 fb 2d da dc 66 cc 9d 26 c5 ed 21 7c 75 28 bc c1 c7 00 00 00 00 00 00 00 00 00 00 00 00 00 00 00 00 00 00 00 00 00 00 00 00 00 00 00 00 00 00 00 00 00 00 00 00 00 00000000 0000ae59 0
46 69 bb c1 13 53 4d 59 ae 75 b2 4c b4 56 bc 65 16 7e 55 13 7c 19 b3 f5 9d cc 53 00 00 00 00 00 00 00 00 00 00 00 00 00 00 00 00 00 00 00 00 00 00 00 00 00 00 00 00 00 00 00 00 00 00 00 00 00 0a 0f 75 1c 08 7b ed 7f 3c 70 fb 2d da dc 66 cc 9d 26 c5 ed 21 7c 75 28 bc c1 c7 00 00 00 00 00 00 00 00 00 00 00 00 00 00 00 00 00 00 00 00 00 00 00 00 00 00 00 00 00 00 00 00 00 00 00 00 00 00000000 000030cb 0
69 bb 00 13 53 00 59 ae 00 b2 4c 00 56 bc 00 16 7e 00 13 7c 00 b3 f5 00 cc 53 00 00 00 00 00 00 00 00 00 00 00 00 00 00 00 00 00 00 00 00 00 00 00 00 00 00 00 00 00 00 00 00 00 00 00 00 00 00 0a 0f 75 1c 08 7b ed 7f 3c 70 fb 2d da dc 66 cc 9d 26 c5 ed 21 7c 75 28 bc c1 c7 00 00 00 00 00 00 00 00 00 00 00 00 00 00 00 00 00 00 00 00 00 00 00 00 00 00 00 00 00 00 00 00 00 00 00 00 00 00000000 ffff3aeb 0
00 77 35 00 04 13 00 00 00 00 df 81 00 07 0e 00 00 00 00 ed 2c 00 0c 0a 00 00 00 00 00 00 00 00 00 00 00 00 00 00 00 00 00 00 00 00 00 00 00 00 00 00 00 00 00 00 00 00 00 00 00 00 00 00 00 00 0a 0f 75 1c 08 7b ed 7f 3c 70 fb 2d da dc 66 cc 9d 26 c5 ed 21 7c 75 28 bc c1 c7 00 00 00 00 00 00 00 00 00 00 00 00 00 00 00 00 00 00 00 00 00 00 00 00 00 00 00 00 00 00 00 00 00 00 00 00 00 00000000 0000257e 0
77 35 ca 04 13 57 00 00 00 df 81 ad 07 0e db 00 00 00 ed 2c 78 0c 0a fe 00 00 00 00 00 00 00 00 00 00 00 00 00 00 00 00 00 00 00 00 00 00 00 00 00 00 00 00 00 00 00 00 00 00 00 00 00 00 00 00 0a 0f 75 1c 08 7b ed 7f 3c 70 fb 2d da dc 66 cc 9d 26 c5 ed 21 7c 75 28 bc c1 c7 00 00 00 00 00 00 00 00 00 00 00 00 00 00 00 00 00 00 00 00 00 00 00 00 00 00 00 00 00 00 00 00 00 00 00 00 00 00000000 00000843 0
35 ca 54 13 57 0c 00 00 00 81 ad 5a 0e db 75 00 00 00 2c 78 b4 0a fe 52 00 00 00 00 00 00 00 00 00 00 00 00 00 00 00 00 00 00 00 00 00 00 00 00 00 00 00 00 00 00 00 00 00 00 00 00 00 00 00 00 0a 0f 75 1c 08 7b ed 7f 3c 70 fb 2d da dc 66 cc 9d 26 c5 ed 21 7c 75 28 bc c1 c7 00 00 00 00 00 00 00 00 00 00 00 00 00 00 00 00 00 00 00 00 00 00 00 00 00 00 00 00 00 00 00 00 00 00 00 00 00 00000000 00002f61 0
ca 54 cb 57 0c 5d 00 00 00 ad 5a 9a db 75 98 00 00 00 78 b4 84 fe 52 cb 00 00 00 00 00 00 00 00 00 00 00 00 00 00 00 00 00 00 00 00 00 00 00 00 00 00 00 00 00 00 00 00 00 00 00 00 00 00 00 00 0a 0f 75 1c 08 7b ed 7f 3c 70 fb 2d da dc 66 cc 9d 26 c5 ed 21 7c 75 28 bc c1 c7 00 00 00 00 00 00 00 00 00 00 00 00 00 00 00 00 00 00 00 00 00 00 00 00 00 00 00 00 00 00 00 00 00 00 00 00 00 00000000 ffffaafe 0
54 cb 89 0c 5d 2b 00 00 00 5a 9a ef 75 98 ed 00 00 00 b4 84 31 52 cb c2 00 00 00 00 00 00 00 00 00 00 00 00 00 00 00 00 00 00 00 00 00 00 00 00 00 00 00 00 00 00 00 00 00 00 00 00 00 00 00 00 0a 0f 75 1c 08 7b ed 7f 3c 70 fb 2d da dc 66 cc 9d 26 c5 ed 21 7c 75 28 bc c1 c7 00 00 00 00 00 00 00 00 00 00 00 00 00 00 00 00 00 00 00 00 00 00 00 00 00 00 00 00 00 00 00 00 00 00 00 00 00 00000000 00002594 0
cb 89 d8 5d 2b 78 00 00 00 9a ef 58 98 ed ac 00 00 00 84 31 08 cb c2 03 00 00 00 00 00 00 00 00 00 00 00 00 00 00 00 00 00 00 00 00 00 00 00 00 00 00 00 00 00 00 00 00 00 00 00 00 00 00 00 00 0a 0f 75 1c 08 7b ed 7f 3c 70 fb 2d da dc 66 cc 9d 26 c5 ed 21 7c 75 28 bc c1 c7 00 00 00 00 00 00 00 00 00 00 00 00 00 00 00 00 00 00 00 00 00 00 00 00 00 00 00 00 00 00 00 00 00 00 00 00 00 00000000 ffffe219 0
89 d8 05 2b 78 ee 00 00 00 ef 58 31 ed ac 47 00 00 00 31 08 9c c2 03 e3 00 00 00 00 00 00 00 00 00 00 00 00 00 00 00 00 00 00 00 00 00 00 00 00 00 00 00 00 00 00 00 00 00 00 00 00 00 00 00 00 0a 0f 75 1c 08 7b ed 7f 3c 70 fb 2d da dc 66 cc 9d 26 c5 ed 21 7c 75 28 bc c1 c7 00 00 00 00 00 00 00 00 00 00 00 00 00 00 00 00 00 00 00 00 00 00 00 00 00 00 00 00 00 00 00 00 00 00 00 00 00 00000000 ffffeb82 0
d8 05 3c 78 ee 7b 00 00 00 58 31 98 ac 47 bf 00 00 00 08 9c 61 03 e3 50 00 00 00 00 00 00 00 00 00 00 00 00 00 00 00 00 00 00 00 00 00 00 00 00 00 00 00 00 00 00 00 00 00 00 00 00 00 00 00 00 0a 0f 75 1c 08 7b ed 7f 3c 70 fb 2d da dc 66 cc 9d 26 c5 ed 21 7c 75 28 bc c1 c7 00 00 00 00 00 00 00 00 00 00 00 00 00 00 00 00 00 00 00 00 00 00 00 00 00 00 00 00 00 00 00 00 00 00 00 00 00 00000000 00007071 0
05 3c c1 ee 7b 4d 00 00 00 31 98 b4 47 bf 65 00 00 00 9c 61 19 e3 50 9d 00 00 00 00 00 00 00 00 00 00 00 00 00 00 00 00 00 00 00 00 00 00 00 00 00 00 00 00 00 00 00 00 00 00 00 00 00 00 00 00 0a 0f 75 1c 08 7b ed 7f 3c 70 fb 2d da dc 66 cc 9d 26 c5 ed 21 7c 75 28 bc c1 c7 00 00 00 00 00 00 00 00 00 00 00 00 00 00 00 00 00 00 00 00 00 00 00 00 00 00 00 00 00 00 00 00 00 00 00 00 00 00000000 000058dc 0
3c c1 13 7b 4d 59 00 00 00 98 b4 56 bf 65 16 00 00 00 61 19 b3 50 9d cc 00 00 00 00 00 00 00 00 00 00 00 00 00 00 00 00 00 00 00 00 00 00 00 00 00 00 00 00 00 00 00 00 00 00 00 00 00 00 00 00 0a 0f 75 1c 08 7b ed 7f 3c 70 fb 2d da dc 66 cc 9d 26 c5 ed 21 7c 75 28 bc c1 c7 00 00 00 00 00 00 00 00 00 00 00 00 00 00 00 00 00 00 00 00 00 00 00 00 00 00 00 00 00 00 00 00 00 00 00 00 00 00000000 fffff883 0
c1 13 53 4d 59 ae 00 00 00 b4 56 bc 65 16 7e 00 00 00 19 b3 f5 9d cc 53 00 00 00 00 00 00 00 00 00 00 00 00 00 00 00 00 00 00 00 00 00 00 00 00 00 00 00 00 00 00 00 00 00 00 00 00 00 00 00 00 0a 0f 75 1c 08 7b ed 7f 3c 70 fb 2d da dc 66 cc 9d 26 c5 ed 21 7c 75 28 bc c1 c7 00 00 00 00 00 00 00 00 00 00 00 00 00 00 00 00 00 00 00 00 00 00 00 00 00 00 00 00 00 00 00 00 00 00 00 00 00 00000000 ffffbd69 0
13 53 00 59 ae 00 00 00 00 56 bc 00 16 7e 00 00 00 00 b3 f5 00 cc 53 00 00 00 00 00 00 00 00 00 00 00 00 00 00 00 00 00 00 00 00 00 00 00 00 00 00 00 00 00 00 00 00 00 00 00 00 00 00 00 00 00 0a 0f 75 1c 08 7b ed 7f 3c 70 fb 2d da dc 66 cc 9d 26 c5 ed 21 7c 75 28 bc c1 c7 00 00 00 00 00 00 00 00 00 00 00 00 00 00 00 00 00 00 00 00 00 00 00 00 00 00 00 00 00 00 00 00 00 00 00 00 00 00000000 00003e0e 0
