# fields: act[0..63] wgt[0..63] acc_in acc_out sat (hex)
00 00 00 00 ff 00 00 ff ff 00 00 00 00 ff 00 00 7f 80 00 00 00 00 00 00 00 00 00 00 00 00 00 00 00 00 00 00 00 00 00 00 00 00 00 00 00 00 00 00 00 00 00 00 00 00 00 00 00 00 00 00 00 00 00 00 e3 dc e0 18 5a 72 3a 8b 79 8a b5 5d 2f 2d a5 57 e3 7d 00 00 00 00 00 00 00 00 00 00 00 00 00 00 00 00 00 00 00 00 00 00 00 00 00 00 00 00 00 00 00 00 00 00 00 00 00 00 00 00 00 00 00 00 00 00 00000000 ffffb292 0
00 00 00 ff 00 80 ff ff ff 00 00 00 ff 00 7f 7f 80 80 00 00 00 00 00 00 00 00 00 00 00 00 00 00 00 00 00 00 00 00 00 00 00 00 00 00 00 00 00 00 00 00 00 00 00 00 00 00 00 00 00 00 00 00 00 00 e3 dc e0 18 5a 72 3a 8b 79 8a b5 5d 2f 2d a5 57 e3 7d 00 00 00 00 00 00 00 00 00 00 00 00 00 00 00 00 00 00 00 00 00 00 00 00 00 00 00 00 00 00 00 00 00 00 00 00 00 00 00 00 00 00 00 00 00 00 00000000 ffff947f 0
00 00 00 00 80 01 ff ff 01 00 00 00 00 7f 80 80 80 00 00 00 00 00 00 00 00 00 00 00 00 00 00 00 00 00 00 00 00 00 00 00 00 00 00 00 00 00 00 00 00 00 00 00 00 00 00 00 00 00 00 00 00 00 00 00 e3 dc e0 18 5a 72 3a 8b 79 8a b5 5d 2f 2d a5 57 e3 7d 00 00 00 00 00 00 00 00 00 00 00 00 00 00 00 00 00 00 00 00 00 00 00 00 00 00 00 00 00 00 00 00 00 00 00 00 00 00 00 00 00 00 00 00 00 00 00000000 fffffaf9 0
00 00 00 80 01 ff ff 01 7f 00 00 00 7f 80 ff 80 00 80 00 00 00 00 00 00 00 00 00 00 00 00 00 00 00 00 00 00 00 00 00 00 00 00 00 00 00 00 00 00 00 00 00 00 00 00 00 00 00 00 00 00 00 00 00 00 e3 dc e0 18 5a 72 3a 8b 79 8a b5 5d 2f 2d a5 57 e3 7d 00 00 00 00 00 00 00 00 00 00 00 00 00 00 00 00 00 00 00 00 00 00 00 00 00 00 00 00 00 00 00 00 00 00 00 00 00 00 00 00 00 00 00 00 00 00 00000000 ffffc66c 0
00 00 00 01 ff 7f 01 7f 80 00 00 00 80 ff 00 00 80 7f 00 00 00 00 00 00 00 00 00 00 00 00 00 00 00 00 00 00 00 00 00 00 00 00 00 00 00 00 00 00 00 00 00 00 00 00 00 00 00 00 00 00 00 00 00 00 e3 dc e0 18 5a 72 3a 8b 79 8a b5 5d 2f 2d a5 57 e3 7d 00 00 00 00 00 00 00 00 00 00 00 00 00 00 00 00 00 00 00 00 00 00 00 00 00 00 00 00 00 00 00 00 00 00 00 00 00 00 00 00 00 00 00 00 00 00 00000000 fffff6d1 0
00 00 00 ff 7f 01 7f 80 00 00 00 00 ff 00 ff 80 7f ff 00 00 00 00 00 00 00 00 00 00 00 00 00 00 00 00 00 00 00 00 00 00 00 00 00 00 00 00 00 00 00 00 00 00 00 00 00 00 00 00 00 00 00 00 00 00 e3 dc e0 18 5a 72 3a 8b 79 8a b5 5d 2f 2d a5 57 e3 7d 00 00 00 00 00 00 00 00 00 00 00 00 00 00 00 00 00 00 00 00 00 00 00 00 00 00 00 00 00 00 00 00 00 00 00 00 00 00 00 00 00 00 00 00 00 00 00000000 00004a12 0
00 00 00 7f 01 80 80 00 ff 00 00 00 00 ff 01 7f ff 01 00 00 00 00 00 00 00 00 00 00 00 00 00 00 00 00 00 00 00 00 00 00 00 00 00 00 00 00 00 00 00 00 00 00 00 00 00 00 00 00 00 00 00 00 00 00 e3 dc e0 18 5a 72 3a 8b 79 8a b5 5d 2f 2d a5 57 e3 7d 00 00 00 00 00 00 00 00 00 00 00 00 00 00 00 00 00 00 00 00 00 00 00 00 00 00 00 00 00 00 00 00 00 00 00 00 00 00 00 00 00 00 00 00 00 00 00000000 ffffe104 0
00 00 00 01 80 01 00 ff 80 00 00 00 ff 01 ff ff 01 80 00 00 00 00 00 00 00 00 00 00 00 00 00 00 00 00 00 00 00 00 00 00 00 00 00 00 00 00 00 00 00 00 00 00 00 00 00 00 00 00 00 00 00 00 00 00 e3 dc e0 18 5a 72 3a 8b 79 8a b5 5d 2f 2d a5 57 e3 7d 00 00 00 00 00 00 00 00 00 00 00 00 00 00 00 00 00 00 00 00 00 00 00 00 00 00 00 00 00 00 00 00 00 00 00 00 00 00 00 00 00 00 00 00 00 00 00000000 ffff58e4 0
00 00 00 80 01 00 ff 80 00 00 00 00 01 ff 00 01 80 00 00 00 00 00 00 00 00 00 00 00 00 00 00 00 00 00 00 00 00 00 00 00 00 00 00 00 00 00 00 00 00 00 00 00 00 00 00 00 00 00 00 00 00 00 00 00 e3 dc e0 18 5a 72 3a 8b 79 8a b5 5d 2f 2d a5 57 e3 7d 00 00 00 00 00 00 00 00 00 00 00 00 00 00 00 00 00 00 00 00 00 00 00 00 00 00 00 00 00 00 00 00 00 00 00 00 00 00 00 00 00 00 00 00 00 00 00000000 00003d79 0
00 ff 00 00 ff ff 00 80 ff 00 ff 00 00 7f 80 00 80 7f 00 00 00 00 00 00 00 00 00 00 00 00 00 00 00 00 00 00 00 00 00 00 00 00 00 00 00 00 00 00 00 00 00 00 00 00 00 00 00 00 00 00 00 00 00 00 e3 dc e0 18 5a 72 3a 8b 79 8a b5 5d 2f 2d a5 57 e3 7d 00 00 00 00 00 00 00 00 00 00 00 00 00 00 00 00 00 00 00 00 00 00 00 00 00 00 00 00 00 00 00 00 00 00 00 00 00 00 00 00 00 00 00 00 00 00 00000000 0000ca00 0
ff 00 80 ff ff ff 80 ff 00 ff 00 7f 7f 80 80 80 7f 80 00 00 00 00 00 00 00 00 00 00 00 00 00 00 00 00 00 00 00 00 00 00 00 00 00 00 00 00 00 00 00 00 00 00 00 00 00 00 00 00 00 00 00 00 00 00 e3 dc e0 18 5a 72 3a 8b 79 8a b5 5d 2f 2d a5 57 e3 7d 00 00 00 00 00 00 00 00 00 00 00 00 00 00 00 00 00 00 00 00 00 00 00 00 00 00 00 00 00 00 00 00 00 00 00 00 00 00 00 00 00 00 00 00 00 00 00000000 ffffd735 0
00 80 01 ff ff 01 ff 00 7f 00 7f 80 80 80 00 7f 80 01 00 00 00 00 00 00 00 00 00 00 00 00 00 00 00 00 00 00 00 00 00 00 00 00 00 00 00 00 00 00 00 00 00 00 00 00 00 00 00 00 00 00 00 00 00 00 e3 dc e0 18 5a 72 3a 8b 79 8a b5 5d 2f 2d a5 57 e3 7d 00 00 00 00 00 00 00 00 00 00 00 00 00 00 00 00 00 00 00 00 00 00 00 00 00 00 00 00 00 00 00 00 00 00 00 00 00 00 00 00 00 00 00 00 00 00 00000000 0000061e 0
80 01 ff ff 01 7f 00 7f 01 7f 80 ff 80 00 80 80 01 7f 00 00 00 00 00 00 00 00 00 00 00 00 00 00 00 00 00 00 00 00 00 00 00 00 00 00 00 00 00 00 00 00 00 00 00 00 00 00 00 00 00 00 00 00 00 00 e3 dc e0 18 5a 72 3a 8b 79 8a b5 5d 2f 2d a5 57 e3 7d 00 00 00 00 00 00 00 00 00 00 00 00 00 00 00 00 00 00 00 00 00 00 00 00 00 00 00 00 00 00 00 00 00 00 00 00 00 00 00 00 00 00 00 00 00 00 00000000 000020b9 0
01 ff 7f 01 7f 80 7f 01 80 80 ff 00 00 80 7f 01 7f 80 00 00 00 00 00 00 00 00 00 00 00 00 00 00 00 00 00 00 00 00 00 00 00 00 00 00 00 00 00 00 00 00 00 00 00 00 00 00 00 00 00 00 00 00 00 00 e3 dc e0 18 5a 72 3a 8b 79 8a b5 5d 2f 2d a5 57 e3 7d 00 00 00 00 00 00 00 00 00 00 00 00 00 00 00 00 00 00 00 00 00 00 00 00 00 00 00 00 00 00 00 00 00 00 00 00 00 00 00 00 00 00 00 00 00 00 00000000 ffff6ed0 0
ff 7f 01 7f 80 00 01 80 01 ff 00 ff 80 7f ff 7f 80 01 00 00 00 00 00 00 00 00 00 00 00 00 00 00 00 00 00 00 00 00 00 00 00 00 00 00 00 00 00 00 00 00 00 00 00 00 00 00 00 00 00 00 00 00 00 00 e3 dc e0 18 5a 72 3a 8b 79 8a b5 5d 2f 2d a5 57 e3 7d 00 00 00 00 00 00 00 00 00 00 00 00 00 00 00 00 00 00 00 00 00 00 00 00 00 00 00 00 00 00 00 00 00 00 00 00 00 00 00 00 00 00 00 00 00 00 00000000 000041a9 0
7f 01 80 80 00 ff 80 01 01 00 ff 01 7f ff 01 80 01 7f 00 00 00 00 00 00 00 00 00 00 00 00 00 00 00 00 00 00 00 00 00 00 00 00 00 00 00 00 00 00 00 00 00 00 00 00 00 00 00 00 00 00 00 00 00 00 e3 dc e0 18 5a 72 3a 8b 79 8a b5 5d 2f 2d a5 57 e3 7d 00 00 00 00 00 00 00 00 00 00 00 00 00 00 00 00 00 00 00 00 00 00 00 00 00 00 00 00 00 00 00 00 00 00 00 00 00 00 00 00 00 00 00 00 00 00 00000000 000001e2 0
01 80 01 00 ff 80 01 01 00 ff 01 ff ff 01 80 01 7f 7f 00 00 00 00 00 00 00 00 00 00 00 00 00 00 00 00 00 00 00 00 00 00 00 00 00 00 00 00 00 00 00 00 00 00 00 00 00 00 00 00 00 00 00 00 00 00 e3 dc e0 18 5a 72 3a 8b 79 8a b5 5d 2f 2d a5 57 e3 7d 00 00 00 00 00 00 00 00 00 00 00 00 00 00 00 00 00 00 00 00 00 00 00 00 00 00 00 00 00 00 00 00 00 00 00 00 00 00 00 00 00 00 00 00 00 00 00000000 00003571 0
80 01 00 ff 80 00 01 00 00 01 ff 00 01 80 00 7f 7f 00 00 00 00 00 00 00 00 00 00 00 00 00 00 00 00 00 00 00 00 00 00 00 00 00 00 00 00 00 00 00 00 00 00 00 00 00 00 00 00 00 00 00 00 00 00 00 e3 dc e0 18 5a 72 3a 8b 79 8a b5 5d 2f 2d a5 57 e3 7d 00 00 00 00 00 00 00 00 00 00 00 00 00 00 00 00 00 00 00 00 00 00 00 00 00 00 00 00 00 00 00 00 00 00 00 00 00 00 00 00 00 00 00 00 00 00 00000000 ffffe7c8 0
00 ff ff 00 80 ff 00 7f 7f 00 7f 80 00 80 7f 00 00 ff 00 00 00 00 00 00 00 00 00 00 00 00 00 00 00 00 00 00 00 00 00 00 00 00 00 00 00 00 00 00 00 00 00 00 00 00 00 00 00 00 00 00 00 00 00 00 e3 dc e0 18 5a 72 3a 8b 79 8a b5 5d 2f 2d a5 57 e3 7d 00 00 00 00 00 00 00 00 00 00 00 00 00 00 00 00 00 00 00 00 00 00 00 00 00 00 00 00 00 00 00 00 00 00 00 00 00 00 00 00 00 00 00 00 00 00 00000000 ffff3cf7 0
ff ff ff 80 ff 00 7f 7f 7f 7f 80 80 80 7f 80 00 ff 7f 00 00 00 00 00 00 00 00 00 00 00 00 00 00 00 00 00 00 00 00 00 00 00 00 00 00 00 00 00 00 00 00 00 00 00 00 00 00 00 00 00 00 00 00 00 00 e3 dc e0 18 5a 72 3a 8b 79 8a b5 5d 2f 2d a5 57 e3 7d 00 00 00 00 00 00 00 00 00 00 00 00 00 00 00 00 00 00 00 00 00 00 00 00 00 00 00 00 00 00 00 00 00 00 00 00 00 00 00 00 00 00 00 00 00 00 00000000 000039b2 0
ff ff 01 ff 00 7f 7f 7f 80 80 80 00 7f 80 01 ff 7f 00 00 00 00 00 00 00 00 00 00 00 00 00 00 00 00 00 00 00 00 00 00 00 00 00 00 00 00 00 00 00 00 00 00 00 00 00 00 00 00 00 00 00 00 00 00 00 e3 dc e0 18 5a 72 3a 8b 79 8a b5 5d 2f 2d a5 57 e3 7d 00 00 00 00 00 00 00 00 00 00 00 00 00 00 00 00 00 00 00 00 00 00 00 00 00 00 00 00 00 00 00 00 00 00 00 00 00 00 00 00 00 00 00 00 00 00 00000000 0000310e 0
ff 01 7f 00 7f 01 7f 80 01 80 00 80 80 01 7f 7f 00 01 00 00 00 00 00 00 00 00 00 00 00 00 00 00 00 00 00 00 00 00 00 00 00 00 00 00 00 00 00 00 00 00 00 00 00 00 00 00 00 00 00 00 00 00 00 00 e3 dc e0 18 5a 72 3a 8b 79 8a b5 5d 2f 2d a5 57 e3 7d 00 00 00 00 00 00 00 00 00 00 00 00 00 00 00 00 00 00 00 00 00 00 00 00 00 00 00 00 00 00 00 00 00 00 00 00 00 00 00 00 00 00 00 00 00 00 00000000 0000689e 0
01 7f 80 7f 01 80 80 01 7f 00 80 7f 01 7f 80 00 01 ff 00 00 00 00 00 00 00 00 00 00 00 00 00 00 00 00 00 00 00 00 00 00 00 00 00 00 00 00 00 00 00 00 00 00 00 00 00 00 00 00 00 00 00 00 00 00 e3 dc e0 18 5a 72 3a 8b 79 8a b5 5d 2f 2d a5 57 e3 7d 00 00 00 00 00 00 00 00 00 00 00 00 00 00 00 00 00 00 00 00 00 00 00 00 00 00 00 00 00 00 00 00 00 00 00 00 00 00 00 00 00 00 00 00 00 00 00000000 000086e6 0
7f 80 00 01 80 01 01 7f 01 80 7f ff 7f 80 01 01 ff ff 00 00 00 00 00 00 00 00 00 00 00 00 00 00 00 00 00 00 00 00 00 00 00 00 00 00 00 00 00 00 00 00 00 00 00 00 00 00 00 00 00 00 00 00 00 00 e3 dc e0 18 5a 72 3a 8b 79 8a b5 5d 2f 2d a5 57 e3 7d 00 00 00 00 00 00 00 00 00 00 00 00 00 00 00 00 00 00 00 00 00 00 00 00 00 00 00 00 00 00 00 00 00 00 00 00 00 00 00 00 00 00 00 00 00 00 00000000 ffffb3aa 0
80 00 ff 80 01 01 7f 01 01 7f ff 01 80 01 7f ff ff 00 00 00 00 00 00 00 00 00 00 00 00 00 00 00 00 00 00 00 00 00 00 00 00 00 00 00 00 00 00 00 00 00 00 00 00 00 00 00 00 00 00 00 00 00 00 00 e3 dc e0 18 5a 72 3a 8b 79 8a b5 5d 2f 2d a5 57 e3 7d 00 00 00 00 00 00 00 00 00 00 00 00 00 00 00 00 00 00 00 00 00 00 00 00 00 00 00 00 00 00 00 00 00 00 00 00 00 00 00 00 00 00 00 00 00 00 00000000 ffffa1a2 0
00 ff 80 01 01 00 01 01 80 ff 01 80 01 7f 7f ff 00 80 00 00 00 00 00 00 00 00 00 00 00 00 00 00 00 00 00 00 00 00 00 00 00 00 00 00 00 00 00 00 00 00 00 00 00 00 00 00 00 00 00 00 00 00 00 00 e3 dc e0 18 5a 72 3a 8b 79 8a b5 5d 2f 2d a5 57 e3 7d 00 00 00 00 00 00 00 00 00 00 00 00 00 00 00 00 00 00 00 00 00 00 00 00 00 00 00 00 00 00 00 00 00 00 00 00 00 00 00 00 00 00 00 00 00 00 00000000 ffff500c 0
ff 80 00 01 00 00 01 80 00 01 80 00 7f 7f 00 00 80 00 00 00 00 00 00 00 00 00 00 00 00 00 00 00 00 00 00 00 00 00 00 00 00 00 00 00 00 00 00 00 00 00 00 00 00 00 00 00 00 00 00 00 00 00 00 00 e3 dc e0 18 5a 72 3a 8b 79 8a b5 5d 2f 2d a5 57 e3 7d 00 00 00 00 00 00 00 00 00 00 00 00 00 00 00 00 00 00 00 00 00 00 00 00 00 00 00 00 00 00 00 00 00 00 00 00 00 00 00 00 00 00 00 00 00 00 00000000 0000ae1d 0
00 80 ff 00 7f 7f 00 00 00 00 80 7f 00 00 ff 00 00 00 00 00 00 00 00 00 00 00 00 00 00 00 00 00 00 00 00 00 00 00 00 00 00 00 00 00 00 00 00 00 00 00 00 00 00 00 00 00 00 00 00 00 00 00 00 00 e3 dc e0 18 5a 72 3a 8b 79 8a b5 5d 2f 2d a5 57 e3 7d 00 00 00 00 00 00 00 00 00 00 00 00 00 00 00 00 00 00 00 00 00 00 00 00 00 00 00 00 00 00 00 00 00 00 00 00 00 00 00 00 00 00 00 00 00 00 00000000 0000cb52 0
80 ff 00 7f 7f 7f 00 00 00 80 7f 80 00 ff 7f 00 00 00 00 00 00 00 00 00 00 00 00 00 00 00 00 00 00 00 00 00 00 00 00 00 00 00 00 00 00 00 00 00 00 00 00 00 00 00 00 00 00 00 00 00 00 00 00 00 e3 dc e0 18 5a 72 3a 8b 79 8a b5 5d 2f 2d a5 57 e3 7d 00 00 00 00 00 00 00 00 00 00 00 00 00 00 00 00 00 00 00 00 00 00 00 00 00 00 00 00 00 00 00 00 00 00 00 00 00 00 00 00 00 00 00 00 00 00 00000000 000039b9 0
ff 00 7f 7f 7f 80 00 00 00 7f 80 01 ff 7f 00 00 00 00 00 00 00 00 00 00 00 00 00 00 00 00 00 00 00 00 00 00 00 00 00 00 00 00 00 00 00 00 00 00 00 00 00 00 00 00 00 00 00 00 00 00 00 00 00 00 e3 dc e0 18 5a 72 3a 8b 79 8a b5 5d 2f 2d a5 57 e3 7d 00 00 00 00 00 00 00 00 00 00 00 00 00 00 00 00 00 00 00 00 00 00 00 00 00 00 00 00 00 00 00 00 00 00 00 00 00 00 00 00 00 00 00 00 00 00 00000000 fffff142 0
00 7f 01 7f 80 01 00 00 00 80 01 7f 7f 00 01 00 00 00 00 00 00 00 00 00 00 00 00 00 00 00 00 00 00 00 00 00 00 00 00 00 00 00 00 00 00 00 00 00 00 00 00 00 00 00 00 00 00 00 00 00 00 00 00 00 e3 dc e0 18 5a 72 3a 8b 79 8a b5 5d 2f 2d a5 57 e3 7d 00 00 00 00 00 00 00 00 00 00 00 00 00 00 00 00 00 00 00 00 00 00 00 00 00 00 00 00 00 00 00 00 00 00 00 00 00 00 00 00 00 00 00 00 00 00 00000000 00004d2c 0
7f 01 80 80 01 7f 00 00 00 01 7f 80 00 01 ff 00 00 00 00 00 00 00 00 00 00 00 00 00 00 00 00 00 00 00 00 00 00 00 00 00 00 00 00 00 00 00 00 00 00 00 00 00 00 00 00 00 00 00 00 00 00 00 00 00 e3 dc e0 18 5a 72 3a 8b 79 8a b5 5d 2f 2d a5 57 e3 7d 00 00 00 00 00 00 00 00 00 00 00 00 00 00 00 00 00 00 00 00 00 00 00 00 00 00 00 00 00 00 00 00 00 00 00 00 00 00 00 00 00 00 00 00 00 00 00000000 ffffdabe 0
01 80 01 01 7f 01 00 00 00 7f 80 01 01 ff ff 00 00 00 00 00 00 00 00 00 00 00 00 00 00 00 00 00 00 00 00 00 00 00 00 00 00 00 00 00 00 00 00 00 00 00 00 00 00 00 00 00 00 00 00 00 00 00 00 00 e3 dc e0 18 5a 72 3a 8b 79 8a b5 5d 2f 2d a5 57 e3 7d 00 00 00 00 00 00 00 00 00 00 00 00 00 00 00 00 00 00 00 00 00 00 00 00 00 00 00 00 00 00 00 00 00 00 00 00 00 00 00 00 00 00 00 00 00 00 00000000 00002aa3 0
80 01 01 7f 01 01 00 00 00 80 01 7f ff ff 00 00 00 00 00 00 00 00 00 00 00 00 00 00 00 00 00 00 00 00 00 00 00 00 00 00 00 00 00 00 00 00 00 00 00 00 00 00 00 00 00 00 00 00 00 00 00 00 00 00 e3 dc e0 18 5a 72 3a 8b 79 8a b5 5d 2f 2d a5 57 e3 7d 00 00 00 00 00 00 00 00 00 00 00 00 00 00 00 00 00 00 00 00 00 00 00 00 00 00 00 00 00 00 00 00 00 00 00 00 00 00 00 00 00 00 00 00 00 00 00000000 0000836c 0
01 01 00 01 01 80 00 00 00 01 7f 7f ff 00 80 00 00 00 00 00 00 00 00 00 00 00 00 00 00 00 00 00 00 00 00 00 00 00 00 00 00 00 00 00 00 00 00 00 00 00 00 00 00 00 00 00 00 00 00 00 00 00 00 00 e3 dc e0 18 5a 72 3a 8b 79 8a b5 5d 2f 2d a5 57 e3 7d 00 00 00 00 00 00 00 00 00 00 00 00 00 00 00 00 00 00 00 00 00 00 00 00 00 00 00 00 00 00 00 00 00 00 00 00 00 00 00 00 00 00 00 00 00 00 00000000 fffffcfa 0
01 00 00 01 80 00 00 00 00 7f 7f 00 00 80 00 00 00 00 00 00 00 00 00 00 00 00 00 00 00 00 00 00 00 00 00 00 00 00 00 00 00 00 00 00 00 00 00 00 00 00 00 00 00 00 00 00 00 00 00 00 00 00 00 00 e3 dc e0 18 5a 72 3a 8b 79 8a b5 5d 2f 2d a5 57 e3 7d 00 00 00 00 00 00 00 00 00 00 00 00 00 00 00 00 00 00 00 00 00 00 00 00 00 00 00 00 00 00 00 00 00 00 00 00 00 00 00 00 00 00 00 00 00 00 00000000 ffff5cbc 0
