# fields: act[0..63] wgt[0..63] acc_in acc_out sat (hex)
00 00 00 00 04 02 00 2b ca 00 00 00 00 92 29 00 1b b2 00 00 00 00 00 00 00 00 00 00 00 00 00 00 00 00 00 00 00 00 00 00 00 00 00 00 00 00 00 00 00 00 00 00 00 00 00 00 00 00 00 00 00 00 00 00 1b 27 4e fd 38 99 f6 14 83 e4 b1 c5 f2 3c 08 c8 d3 f4 00 00 00 00 00 00 00 00 00 00 00 00 00 00 00 00 00 00 00 00 00 00 00 00 00 00 00 00 00 00 00 00 00 00 00 00 00 00 00 00 00 00 00 00 00 00 000095f0 00009a25 0
00 00 00 02 1e 87 ca 44 5f 00 00 00 29 27 50 b2 9e 20 00 00 00 00 00 00 00 00 00 00 00 00 00 00 00 00 00 00 00 00 00 00 00 00 00 00 00 00 00 00 00 00 00 00 00 00 00 00 00 00 00 00 00 00 00 00 1b 27 4e fd 38 99 f6 14 83 e4 b1 c5 f2 3c 08 c8 d3 f4 00 00 00 00 00 00 00 00 00 00 00 00 00 00 00 00 00 00 00 00 00 00 00 00 00 00 00 00 00 00 00 00 00 00 00 00 00 00 00 00 00 00 00 00 00 00 000095f0 0000d062 0
00 00 00 87 97 6a 5f 9b b8 00 00 00 50 bd 88 20 ca a0 00 00 00 00 00 00 00 00 00 00 00 00 00 00 00 00 00 00 00 00 00 00 00 00 00 00 00 00 00 00 00 00 00 00 00 00 00 00 00 00 00 00 00 00 00 00 1b 27 4e fd 38 99 f6 14 83 e4 b1 c5 f2 3c 08 c8 d3 f4 00 00 00 00 00 00 00 00 00 00 00 00 00 00 00 00 00 00 00 00 00 00 00 00 00 00 00 00 00 00 00 00 00 00 00 00 00 00 00 00 00 00 00 00 00 00 000095f0 00005c75 0
00 00 00 6a 6a 36 b8 36 84 00 00 00 88 de af a0 62 cc 00 00 00 00 00 00 00 00 00 00 00 00 00 00 00 00 00 00 00 00 00 00 00 00 00 00 00 00 00 00 00 00 00 00 00 00 00 00 00 00 00 00 00 00 00 00 1b 27 4e fd 38 99 f6 14 83 e4 b1 c5 f2 3c 08 c8 d3 f4 00 00 00 00 00 00 00 00 00 00 00 00 00 00 00 00 00 00 00 00 00 00 00 00 00 00 00 00 00 00 00 00 00 00 00 00 00 00 00 00 00 00 00 00 00 00 000095f0 0000dc02 0
00 00 00 36 f6 63 84 02 9b 00 00 00 af de ef cc f6 96 00 00 00 00 00 00 00 00 00 00 00 00 00 00 00 00 00 00 00 00 00 00 00 00 00 00 00 00 00 00 00 00 00 00 00 00 00 00 00 00 00 00 00 00 00 00 1b 27 4e fd 38 99 f6 14 83 e4 b1 c5 f2 3c 08 c8 d3 f4 00 00 00 00 00 00 00 00 00 00 00 00 00 00 00 00 00 00 00 00 00 00 00 00 00 00 00 00 00 00 00 00 00 00 00 00 00 00 00 00 00 00 00 00 00 00 000095f0 0000afa2 0
00 00 00 63 eb 73 9b 1c 41 00 00 00 ef f3 da 96 12 30 00 00 00 00 00 00 00 00 00 00 00 00 00 00 00 00 00 00 00 00 00 00 00 00 00 00 00 00 00 00 00 00 00 00 00 00 00 00 00 00 00 00 00 00 00 00 1b 27 4e fd 38 99 f6 14 83 e4 b1 c5 f2 3c 08 c8 d3 f4 00 00 00 00 00 00 00 00 00 00 00 00 00 00 00 00 00 00 00 00 00 00 00 00 00 00 00 00 00 00 00 00 00 00 00 00 00 00 00 00 00 00 00 00 00 00 000095f0 000056c7 0
00 2b ca 00 87 26 00 51 2e 00 1b b2 00 9d ad 00 f0 12 00 00 00 00 00 00 00 00 00 00 00 00 00 00 00 00 00 00 00 00 00 00 00 00 00 00 00 00 00 00 00 00 00 00 00 00 00 00 00 00 00 00 00 00 00 00 1b 27 4e fd 38 99 f6 14 83 e4 b1 c5 f2 3c 08 c8 d3 f4 00 00 00 00 00 00 00 00 00 00 00 00 00 00 00 00 00 00 00 00 00 00 00 00 00 00 00 00 00 00 00 00 00 00 00 00 00 00 00 00 00 00 00 00 00 00 000095f0 000043f6 0
ca 44 5f 26 2d 1e 2e f7 8d b2 9e 20 ad 62 e6 12 01 58 00 00 00 00 00 00 00 00 00 00 00 00 00 00 00 00 00 00 00 00 00 00 00 00 00 00 00 00 00 00 00 00 00 00 00 00 00 00 00 00 00 00 00 00 00 00 1b 27 4e fd 38 99 f6 14 83 e4 b1 c5 f2 3c 08 c8 d3 f4 00 00 00 00 00 00 00 00 00 00 00 00 00 00 00 00 00 00 00 00 00 00 00 00 00 00 00 00 00 00 00 00 00 00 00 00 00 00 00 00 00 00 00 00 00 00 000095f0 00011c62 0
5f 9b b8 1e 99 ea 8d dd 3b 20 ca a0 e6 f4 de 58 ff 90 00 00 00 00 00 00 00 00 00 00 00 00 00 00 00 00 00 00 00 00 00 00 00 00 00 00 00 00 00 00 00 00 00 00 00 00 00 00 00 00 00 00 00 00 00 00 1b 27 4e fd 38 99 f6 14 83 e4 b1 c5 f2 3c 08 c8 d3 f4 00 00 00 00 00 00 00 00 00 00 00 00 00 00 00 00 00 00 00 00 00 00 00 00 00 00 00 00 00 00 00 00 00 00 00 00 00 00 00 00 00 00 00 00 00 00 000095f0 00006490 0
b8 36 84 ea a9 28 3b 1a 16 a0 62 cc de bd 9d 90 00 e3 00 00 00 00 00 00 00 00 00 00 00 00 00 00 00 00 00 00 00 00 00 00 00 00 00 00 00 00 00 00 00 00 00 00 00 00 00 00 00 00 00 00 00 00 00 00 1b 27 4e fd 38 99 f6 14 83 e4 b1 c5 f2 3c 08 c8 d3 f4 00 00 00 00 00 00 00 00 00 00 00 00 00 00 00 00 00 00 00 00 00 00 00 00 00 00 00 00 00 00 00 00 00 00 00 00 00 00 00 00 00 00 00 00 00 00 000095f0 00004412 0
84 02 9b 28 bd a1 16 41 57 cc f6 96 9d e7 9b e3 26 33 00 00 00 00 00 00 00 00 00 00 00 00 00 00 00 00 00 00 00 00 00 00 00 00 00 00 00 00 00 00 00 00 00 00 00 00 00 00 00 00 00 00 00 00 00 00 1b 27 4e fd 38 99 f6 14 83 e4 b1 c5 f2 3c 08 c8 d3 f4 00 00 00 00 00 00 00 00 00 00 00 00 00 00 00 00 00 00 00 00 00 00 00 00 00 00 00 00 00 00 00 00 00 00 00 00 00 00 00 00 00 00 00 00 00 00 000095f0 0000761a 0
9b 1c 41 a1 c1 16 57 6c a5 96 12 30 9b bb ac 33 36 68 00 00 00 00 00 00 00 00 00 00 00 00 00 00 00 00 00 00 00 00 00 00 00 00 00 00 00 00 00 00 00 00 00 00 00 00 00 00 00 00 00 00 00 00 00 00 1b 27 4e fd 38 99 f6 14 83 e4 b1 c5 f2 3c 08 c8 d3 f4 00 00 00 00 00 00 00 00 00 00 00 00 00 00 00 00 00 00 00 00 00 00 00 00 00 00 00 00 00 00 00 00 00 00 00 00 00 00 00 00 00 00 00 00 00 00 000095f0 0000937d 0
00 51 2e 00 e5 50 00 38 80 00 f0 12 00 43 45 00 0d 1b 00 00 00 00 00 00 00 00 00 00 00 00 00 00 00 00 00 00 00 00 00 00 00 00 00 00 00 00 00 00 00 00 00 00 00 00 00 00 00 00 00 00 00 00 00 00 1b 27 4e fd 38 99 f6 14 83 e4 b1 c5 f2 3c 08 c8 d3 f4 00 00 00 00 00 00 00 00 00 00 00 00 00 00 00 00 00 00 00 00 00 00 00 00 00 00 00 00 00 00 00 00 00 00 00 00 00 00 00 00 00 00 00 00 00 00 000095f0 0000dc2c 0
2e f7 8d 50 f6 95 80 1d 63 12 01 58 45 ad 5a 1b 2b 3d 00 00 00 00 00 00 00 00 00 00 00 00 00 00 00 00 00 00 00 00 00 00 00 00 00 00 00 00 00 00 00 00 00 00 00 00 00 00 00 00 00 00 00 00 00 00 1b 27 4e fd 38 99 f6 14 83 e4 b1 c5 f2 3c 08 c8 d3 f4 00 00 00 00 00 00 00 00 00 00 00 00 00 00 00 00 00 00 00 00 00 00 00 00 00 00 00 00 00 00 00 00 00 00 00 00 00 00 00 00 00 00 00 00 00 00 000095f0 000039ef 0
8d dd 3b 95 fb f2 63 7e d7 58 ff 90 5a fd 7a 3d 51 69 00 00 00 00 00 00 00 00 00 00 00 00 00 00 00 00 00 00 00 00 00 00 00 00 00 00 00 00 00 00 00 00 00 00 00 00 00 00 00 00 00 00 00 00 00 00 1b 27 4e fd 38 99 f6 14 83 e4 b1 c5 f2 3c 08 c8 d3 f4 00 00 00 00 00 00 00 00 00 00 00 00 00 00 00 00 00 00 00 00 00 00 00 00 00 00 00 00 00 00 00 00 00 00 00 00 00 00 00 00 00 00 00 00 00 00 000095f0 0000a46c 0
3b 1a 16 f2 fc 4a d7 ca 8f 90 00 e3 7a 2f db 69 3a 34 00 00 00 00 00 00 00 00 00 00 00 00 00 00 00 00 00 00 00 00 00 00 00 00 00 00 00 00 00 00 00 00 00 00 00 00 00 00 00 00 00 00 00 00 00 00 1b 27 4e fd 38 99 f6 14 83 e4 b1 c5 f2 3c 08 c8 d3 f4 00 00 00 00 00 00 00 00 00 00 00 00 00 00 00 00 00 00 00 00 00 00 00 00 00 00 00 00 00 00 00 00 00 00 00 00 00 00 00 00 00 00 00 00 00 00 000095f0 0000af6b 0
16 41 57 4a 42 eb 8f 3d 5f e3 26 33 db ba fa 34 21 4a 00 00 00 00 00 00 00 00 00 00 00 00 00 00 00 00 00 00 00 00 00 00 00 00 00 00 00 00 00 00 00 00 00 00 00 00 00 00 00 00 00 00 00 00 00 00 1b 27 4e fd 38 99 f6 14 83 e4 b1 c5 f2 3c 08 c8 d3 f4 00 00 00 00 00 00 00 00 00 00 00 00 00 00 00 00 00 00 00 00 00 00 00 00 00 00 00 00 00 00 00 00 00 00 00 00 00 00 00 00 00 00 00 00 00 00 000095f0 000075f5 0
57 6c a5 eb cd 19 5f 2f 7a 33 36 68 fa a5 5f 4a 71 88 00 00 00 00 00 00 00 00 00 00 00 00 00 00 00 00 00 00 00 00 00 00 00 00 00 00 00 00 00 00 00 00 00 00 00 00 00 00 00 00 00 00 00 00 00 00 1b 27 4e fd 38 99 f6 14 83 e4 b1 c5 f2 3c 08 c8 d3 f4 00 00 00 00 00 00 00 00 00 00 00 00 00 00 00 00 00 00 00 00 00 00 00 00 00 00 00 00 00 00 00 00 00 00 00 00 00 00 00 00 00 00 00 00 00 00 000095f0 ffffe498 0
00 38 80 00 22 b9 00 5f 3e 00 0d 1b 00 3d c1 00 a8 01 00 00 00 00 00 00 00 00 00 00 00 00 00 00 00 00 00 00 00 00 00 00 00 00 00 00 00 00 00 00 00 00 00 00 00 00 00 00 00 00 00 00 00 00 00 00 1b 27 4e fd 38 99 f6 14 83 e4 b1 c5 f2 3c 08 c8 d3 f4 00 00 00 00 00 00 00 00 00 00 00 00 00 00 00 00 00 00 00 00 00 00 00 00 00 00 00 00 00 00 00 00 00 00 00 00 00 00 00 00 00 00 00 00 00 00 000095f0 00009623 0
80 1d 63 b9 15 0d 3e f6 9b 1b 2b 3d c1 1a d6 01 f8 36 00 00 00 00 00 00 00 00 00 00 00 00 00 00 00 00 00 00 00 00 00 00 00 00 00 00 00 00 00 00 00 00 00 00 00 00 00 00 00 00 00 00 00 00 00 00 1b 27 4e fd 38 99 f6 14 83 e4 b1 c5 f2 3c 08 c8 d3 f4 00 00 00 00 00 00 00 00 00 00 00 00 00 00 00 00 00 00 00 00 00 00 00 00 00 00 00 00 00 00 00 00 00 00 00 00 00 00 00 00 00 00 00 00 00 00 000095f0 0000c1ee 0
63 7e d7 0d 5b 85 9b b4 d3 3d 51 69 d6 1a c0 36 21 d7 00 00 00 00 00 00 00 00 00 00 00 00 00 00 00 00 00 00 00 00 00 00 00 00 00 00 00 00 00 00 00 00 00 00 00 00 00 00 00 00 00 00 00 00 00 00 1b 27 4e fd 38 99 f6 14 83 e4 b1 c5 f2 3c 08 c8 d3 f4 00 00 00 00 00 00 00 00 00 00 00 00 00 00 00 00 00 00 00 00 00 00 00 00 00 00 00 00 00 00 00 00 00 00 00 00 00 00 00 00 00 00 00 00 00 00 000095f0 0000bf23 0
d7 ca 8f 85 1f ac d3 c2 15 69 3a 34 c0 cc d5 d7 0d 72 00 00 00 00 00 00 00 00 00 00 00 00 00 00 00 00 00 00 00 00 00 00 00 00 00 00 00 00 00 00 00 00 00 00 00 00 00 00 00 00 00 00 00 00 00 00 1b 27 4e fd 38 99 f6 14 83 e4 b1 c5 f2 3c 08 c8 d3 f4 00 00 00 00 00 00 00 00 00 00 00 00 00 00 00 00 00 00 00 00 00 00 00 00 00 00 00 00 00 00 00 00 00 00 00 00 00 00 00 00 00 00 00 00 00 00 000095f0 00005194 0
8f 3d 5f ac 7b ba 15 98 a2 34 21 4a d5 6a cd 72 1e a7 00 00 00 00 00 00 00 00 00 00 00 00 00 00 00 00 00 00 00 00 00 00 00 00 00 00 00 00 00 00 00 00 00 00 00 00 00 00 00 00 00 00 00 00 00 00 1b 27 4e fd 38 99 f6 14 83 e4 b1 c5 f2 3c 08 c8 d3 f4 00 00 00 00 00 00 00 00 00 00 00 00 00 00 00 00 00 00 00 00 00 00 00 00 00 00 00 00 00 00 00 00 00 00 00 00 00 00 00 00 00 00 00 00 00 00 000095f0 0000ebe7 0
5f 2f 7a ba f0 07 a2 ef 81 4a 71 88 cd c5 d2 a7 5b ce 00 00 00 00 00 00 00 00 00 00 00 00 00 00 00 00 00 00 00 00 00 00 00 00 00 00 00 00 00 00 00 00 00 00 00 00 00 00 00 00 00 00 00 00 00 00 1b 27 4e fd 38 99 f6 14 83 e4 b1 c5 f2 3c 08 c8 d3 f4 00 00 00 00 00 00 00 00 00 00 00 00 00 00 00 00 00 00 00 00 00 00 00 00 00 00 00 00 00 00 00 00 00 00 00 00 00 00 00 00 00 00 00 00 00 00 000095f0 0000f12e 0
00 5f 3e 00 9f 58 00 70 e6 00 a8 01 00 34 66 00 3b 35 00 00 00 00 00 00 00 00 00 00 00 00 00 00 00 00 00 00 00 00 00 00 00 00 00 00 00 00 00 00 00 00 00 00 00 00 00 00 00 00 00 00 00 00 00 00 1b 27 4e fd 38 99 f6 14 83 e4 b1 c5 f2 3c 08 c8 d3 f4 00 00 00 00 00 00 00 00 00 00 00 00 00 00 00 00 00 00 00 00 00 00 00 00 00 00 00 00 00 00 00 00 00 00 00 00 00 00 00 00 00 00 00 00 00 00 000095f0 0000b191 0
3e f6 9b 58 8a a1 e6 08 17 01 f8 36 66 b7 cf 35 3f 2f 00 00 00 00 00 00 00 00 00 00 00 00 00 00 00 00 00 00 00 00 00 00 00 00 00 00 00 00 00 00 00 00 00 00 00 00 00 00 00 00 00 00 00 00 00 00 1b 27 4e fd 38 99 f6 14 83 e4 b1 c5 f2 3c 08 c8 d3 f4 00 00 00 00 00 00 00 00 00 00 00 00 00 00 00 00 00 00 00 00 00 00 00 00 00 00 00 00 00 00 00 00 00 00 00 00 00 00 00 00 00 00 00 00 00 00 000095f0 000042cb 0
9b b4 d3 a1 9c 84 17 00 f7 36 21 d7 cf 21 a3 2f bd de 00 00 00 00 00 00 00 00 00 00 00 00 00 00 00 00 00 00 00 00 00 00 00 00 00 00 00 00 00 00 00 00 00 00 00 00 00 00 00 00 00 00 00 00 00 00 1b 27 4e fd 38 99 f6 14 83 e4 b1 c5 f2 3c 08 c8 d3 f4 00 00 00 00 00 00 00 00 00 00 00 00 00 00 00 00 00 00 00 00 00 00 00 00 00 00 00 00 00 00 00 00 00 00 00 00 00 00 00 00 00 00 00 00 00 00 000095f0 00009694 0
d3 c2 15 84 91 2d f7 dd eb d7 0d 72 a3 df 75 de 40 90 00 00 00 00 00 00 00 00 00 00 00 00 00 00 00 00 00 00 00 00 00 00 00 00 00 00 00 00 00 00 00 00 00 00 00 00 00 00 00 00 00 00 00 00 00 00 1b 27 4e fd 38 99 f6 14 83 e4 b1 c5 f2 3c 08 c8 d3 f4 00 00 00 00 00 00 00 00 00 00 00 00 00 00 00 00 00 00 00 00 00 00 00 00 00 00 00 00 00 00 00 00 00 00 00 00 00 00 00 00 00 00 00 00 00 00 000095f0 000055ba 0
15 98 a2 2d 2a 89 eb 48 9e 72 1e a7 75 91 97 90 0a eb 00 00 00 00 00 00 00 00 00 00 00 00 00 00 00 00 00 00 00 00 00 00 00 00 00 00 00 00 00 00 00 00 00 00 00 00 00 00 00 00 00 00 00 00 00 00 1b 27 4e fd 38 99 f6 14 83 e4 b1 c5 f2 3c 08 c8 d3 f4 00 00 00 00 00 00 00 00 00 00 00 00 00 00 00 00 00 00 00 00 00 00 00 00 00 00 00 00 00 00 00 00 00 00 00 00 00 00 00 00 00 00 00 00 00 00 000095f0 0000cd52 0
a2 ef 81 89 84 ec 9e fa 67 a7 5b ce 97 e2 36 eb 9f fe 00 00 00 00 00 00 00 00 00 00 00 00 00 00 00 00 00 00 00 00 00 00 00 00 00 00 00 00 00 00 00 00 00 00 00 00 00 00 00 00 00 00 00 00 00 00 1b 27 4e fd 38 99 f6 14 83 e4 b1 c5 f2 3c 08 c8 d3 f4 00 00 00 00 00 00 00 00 00 00 00 00 00 00 00 00 00 00 00 00 00 00 00 00 00 00 00 00 00 00 00 00 00 00 00 00 00 00 00 00 00 00 00 00 00 00 000095f0 0000316f 0
